Time_microseconds,Electron_Count,Input_Energy_J,Inelastic_Energy_Transfer_J,Elastic_Energy_Transfer_J,Total_Energy_Transfer_J,Efficiency_percent
1.0e-6,100,0.80109,0.22831065000000006,0.0,0.22831065000000006,28.500000000017415
2.0e-6,200,0.80109,0.45902456999999997,0.0,0.45902456999999997,57.30000000001381
3.0e-6,300,0.80109,0.68012541,0.0,0.68012541,84.90000000003754
4.0e-6,400,0.80109,0.7209809999999998,2.251210378136225e-6,0.7209832512103779,90.00028101840337
4.9999999999999996e-6,500,0.80109,0.71136792,4.7219653237411695e-6,0.7113726419653238,88.80058944253788
6.0e-6,600,0.80109,0.7233842699999999,7.965118095485762e-6,0.7233922351180955,90.30099428502403
7.0e-6,700,0.80109,0.71857773,1.0337773201637275e-5,0.7185880677732016,89.70129046339684
8.0e-6,800,0.80109,0.7354006199999998,1.2831595863341305e-5,0.7354134515958631,91.80160176707139
8.999999999999999e-6,900,0.80109,0.7329973500000001,1.6180398185812096e-5,0.733013530398186,91.50201979777695
1.0e-5,1000,0.80109,0.7161744600000001,1.8313446947169906e-5,0.7161927734469472,89.4022860661248
1.1e-5,1100,0.80109,0.7137711899999999,2.112520321844667e-5,0.7137923152032183,89.10263705742972
1.2e-5,1200,0.80109,0.7233842699999999,2.312077451480181e-5,0.7234073907745148,90.30288616445216
1.3000000000000001e-5,1300,0.80109,0.71857773,2.65513609345759e-5,0.7186042813609346,89.70331440416
1.4e-5,1400,0.80109,0.72578754,2.9625257588136935e-5,0.7258171652575881,90.60369811852537
1.5e-5,1500,0.80109,0.7185777299999999,3.180477728167298e-5,0.7186095347772816,89.70397018779946
1.6e-5,1600,0.80109,0.6969482999999999,3.4271028602267816e-5,0.6969825710286022,87.00427804974275
1.7e-5,1700,0.80109,0.7209810000000002,3.736009236842324e-5,0.7210183600923686,90.00466365730819
1.8000000000000004e-5,1800,0.80109,0.7354006200000001,3.941413464605905e-5,0.7354400341346461,91.80492006318536
1.9e-5,1900,0.80109,0.7161744600000001,4.3130443403182994e-5,0.7162175904434033,89.40538396979717
2.0e-5,2000,0.80109,0.73059408,4.59330262556096e-5,0.7306400130262557,91.20573381598312
2.1e-5,2100,0.80109,0.70656138,4.774418328219424e-5,0.7066091241832823,88.20595990252781
2.2e-5,2200,0.80109,0.7257875400000001,4.944825684988634e-5,0.7258369882568501,90.6061726219295
2.3e-5,2300,0.80109,0.6993515699999998,5.270603558526469e-5,0.6994042760355851,87.30657929015042
2.4000000000000004e-5,2400,0.80109,0.7354006200000001,5.630413896007353e-5,0.7354569241389601,91.80702844107265
2.5e-5,2500,0.80109,0.7354006199999998,5.928659363993214e-5,0.7354599065936398,91.80740074075166
2.6000000000000002e-5,2600,0.80109,0.7137711899999999,6.037535764897359e-5,0.7138315653576489,89.10753665101585
2.7e-5,2700,0.80109,0.71857773,6.533779938925027e-5,0.7186430677993892,89.70815611221568
2.8000000000000003e-5,2800,0.80109,0.7522235099999999,6.711235763824914e-5,0.7522906223576381,93.90837763017606
2.9e-5,2900,0.80109,0.6897384900000001,6.946387005686108e-5,0.689807953870057,86.10867116931755
3.0e-5,3000,0.80109,0.7281908099999999,7.246475482628721e-5,0.7282632747548261,90.90904576947426
3.1e-5,3100,0.80109,0.7257875400000001,7.381686226745646e-5,0.7258613568622676,90.60921455294621
3.2e-5,3200,0.80109,0.7281908099999999,7.770856018225607e-5,0.7282685185601822,90.90970035324919
3.2999999999999996e-5,3300,0.80109,0.72819081,8.029088303937196e-5,0.7282711008830394,90.91002270448712
3.399999999999999e-5,3400,0.80109,0.7281908100000002,8.325972421456742e-5,0.7282740697242147,90.91039330461821
3.5000000000000004e-5,3500,0.80109,0.7185777299999999,8.575185103604906e-5,0.718663481851036,89.7107043966731
3.600000000000001e-5,3600,0.80109,0.7017548400000001,8.718902939779282e-5,0.7018420290293979,87.6108837994725
3.7000000000000005e-5,3700,0.80109,0.70415811,9.220512965154345e-5,0.7042503151296515,87.91150995891992
3.8e-5,3800,0.80109,0.7305940800000001,9.304996658310312e-5,0.7306871299665832,91.21161541978144
3.9000000000000006e-5,3900,0.80109,0.7113679199999998,9.602722622879838e-5,0.7114639472262286,88.81198707093436
4.0e-5,4000,0.80109,0.720981,9.986261036195649e-5,0.721080862610362,90.01246584157572
4.1e-5,4100,0.80109,0.7233842699999998,0.0001015504244942516,0.723485820424494,90.31267653128332
4.2e-5,4200,0.80109,0.71617446,0.0001051548267151554,0.7162796148267151,89.41312646851037
4.3e-5,4300,0.80109,0.71617446,0.00010650894332205159,0.716280968943322,89.41329550281058
4.4000000000000006e-5,4400,0.80109,0.71857773,0.00010892868928136839,0.7186866586892814,89.71359755950282
4.5e-5,4500,0.80109,0.7281908100000001,0.00011252586725758633,0.7283033358672577,90.91404659491036
4.6e-5,4600,0.80109,0.7474169699999998,0.00011405554217256066,0.7475310255421724,93.3142375441249
4.7000000000000004e-5,4700,0.80109,0.7233842699999999,0.00011822406536189572,0.7235024940653618,90.31475790052488
4.8e-5,4800,0.80109,0.7041581100000001,0.00012061627616388169,0.704278726276164,87.91505651996509
4.9e-5,4900,0.80109,0.7281908100000002,0.00012298183225641898,0.7283137918322566,90.91535181222257
4.9999999999999996e-5,5000,0.80109,0.7113679199999998,0.0001259894203443928,0.7114939094203442,88.81572724914078
5.1e-5,5100,0.80109,0.720981,0.00012884353142607755,0.721109843531426,90.01608352761791
5.2e-5,5200,0.80109,0.7450136999999999,0.00013182808628469612,0.7451455280862845,93.01645608937427
5.3e-5,5300,0.80109,0.7354006200000001,0.00013342033343481235,0.7355340403334348,91.81665484945573
5.4000000000000005e-5,5400,0.80109,0.6969483000000001,0.00013723522711211664,0.6970855352271121,87.01713106232613
5.500000000000001e-5,5500,0.80109,0.71617446,0.0001393614640687941,0.7163138214640687,89.41739648028656
5.6000000000000006e-5,5600,0.80109,0.72578754,0.00014079239810800133,0.7259283323981081,90.61757510365511
5.7e-5,5700,0.80109,0.7065613800000001,0.00014434725909056467,0.7067057272590906,88.2180188567492
5.8e-5,5800,0.80109,0.7233842699999999,0.00014756684863728446,0.7235318368486372,90.31842075777395
5.9000000000000004e-5,5900,0.80109,0.7137711899999998,0.00015084290714056185,0.7139220329071403,89.11882970792902
6.0e-5,6000,0.80109,0.7113679199999999,0.0001531529451057607,0.7115210729451057,88.81911806979096
6.1e-5,6100,0.80109,0.71857773,0.00015504689005671571,0.7187327768900568,89.7193544906952
6.2e-5,6200,0.80109,0.7257875400000001,0.0001568070206331557,0.7259443470206333,90.61957420775613
6.3e-5,6300,0.80109,0.7522235100000002,0.00016032267846659165,0.7523838326784668,93.9200130670163
6.4e-5,6400,0.80109,0.7041581099999998,0.0001640286012544795,0.7043221386012544,87.92047567703108
6.5e-5,6500,0.80109,0.73540062,0.0001667155911368593,0.7355673355911369,91.82081109384312
6.6e-5,6600,0.80109,0.70896465,0.0001692402545046148,0.7091338902545046,88.52112624723215
6.699999999999999e-5,6700,0.80109,0.7281908100000001,0.00017201947663945757,0.7283628294766396,90.92147317735953
6.8e-5,6800,0.80109,0.72338427,0.00017661887806617144,0.7235608888780662,90.32204732029892
6.900000000000001e-5,6900,0.80109,0.7089646499999999,0.00017544745292351566,0.7091400974529234,88.52190109141304
7.0e-5,7000,0.80109,0.7498202399999998,0.00018085611921908734,0.750001096119219,93.62257625468979
7.1e-5,7100,0.80109,0.7257875400000001,0.0001819930541268445,0.7259695330541269,90.62271817831888
7.199999999999999e-5,7200,0.80109,0.69935157,0.0001844119839979261,0.6995359819839979,87.32302013305616
7.3e-5,7300,0.80109,0.7113679199999998,0.00018855786843393504,0.7115564778684338,88.82353766343903
7.4e-5,7400,0.80109,0.74020716,0.00019058209449235737,0.7403977420944924,92.42379034749261
7.5e-5,7500,0.80109,0.6993515699999999,0.00019213504895474663,0.6995437050489547,87.3239842026909
7.599999999999999e-5,7600,0.80109,0.7137711900000001,0.00019495127621011116,0.7139661412762103,89.12433575202941
7.7e-5,7700,0.80109,0.7257875400000002,0.00019855505863356407,0.7259860950586338,90.62478561194315
7.8e-5,7800,0.80109,0.7185777299999998,0.00020140631462633047,0.7187791363146261,89.72514153401978
7.900000000000001e-5,7900,0.80109,0.720981,0.000204961577385858,0.7211859615773858,90.02558533710581
8.0e-5,8000,0.80109,0.7426104299999999,0.0002060784977571931,0.7428165084977572,92.72572476223067
8.1e-5,8100,0.80109,0.7137711900000001,0.00020854252866653897,0.7139797325286666,89.12603234699154
8.200000000000001e-5,8200,0.80109,0.7065613799999999,0.00021265475866127226,0.7067740347586612,88.22654567637056
8.3e-5,8300,0.80109,0.7281908100000001,0.0002140736746144048,0.7284048836746145,90.92672279953368
8.400000000000001e-5,8400,0.80109,0.7281908100000001,0.00021664668500734913,0.7284074566850074,90.92704398814561
8.5e-5,8500,0.80109,0.7113679200000003,0.00022045167931654196,0.7115883716793168,88.8275189653415
8.6e-5,8600,0.80109,0.7137711899999999,0.00022205174849658719,0.7139932417484964,89.12771870183622
8.700000000000001e-5,8700,0.80109,0.71617446,0.00022519351174604717,0.7163996535117461,89.42811088784238
8.8e-5,8800,0.80109,0.7354006200000001,0.00022839057383630904,0.7356290105738363,91.82850997691021
8.900000000000001e-5,8900,0.80109,0.72578754,0.00022972848738809357,0.7260172684873881,90.6286769885206
9.0e-5,9000,0.80109,0.7185777300000001,0.0002330007793741883,0.7188107307793743,89.72908546848963
9.1e-5,9100,0.80109,0.73299735,0.00023559138184422868,0.7332329413818442,91.52940885316968
9.2e-5,9200,0.80109,0.7233842699999998,0.00023969949727387506,0.7236239694972737,90.32992166892193
9.300000000000001e-5,9300,0.80109,0.7137711900000001,0.00024099961721524228,0.7140121896172154,89.13008396270381
9.4e-5,9400,0.80109,0.7065613799999999,0.0002456374718242163,0.7068070174718242,88.23066290580354
9.5e-5,9500,0.80109,0.7185777299999999,0.00024786117928094983,0.7188255911792809,89.73094049095405
9.599999999999999e-5,9600,0.80109,0.73299735,0.00024883650788336373,0.7332461865078833,91.53106224117303
9.7e-5,9700,0.80109,0.7137711899999998,0.00025153036283660774,0.7140227203628364,89.13139851491324
9.800000000000001e-5,9800,0.80109,0.7161744600000001,0.00025501600927498323,0.7164294760092751,89.43183362785113
9.9e-5,9900,0.80109,0.70896465,0.0002581428666981169,0.7092227928666981,88.53222395317786
0.0001,10000,0.80109,0.7257875399999998,0.00025828151069096403,0.7260458215106907,90.6322412600987
0.000101,10100,0.80109,0.7185777300000001,0.00026295357269774677,0.7188406835726979,89.73282447322774
0.000102,10200,0.80109,0.7426104299999999,0.000266050464331414,0.7428764804643313,92.73321105799278
0.000103,10300,0.80109,0.7209810000000001,0.00026959262080676085,0.7212505926208068,90.03365322512052
0.000104,10400,0.80109,0.7161744600000001,0.0002706576676845984,0.7164451176676847,89.43378617477315
0.00010499999999999999,10500,0.80109,0.7137711899999998,0.00027244446380706865,0.7140436344638068,89.13400922039699
0.000106,10600,0.80109,0.7185777300000001,0.00027657428875240694,0.7188543042887525,89.73452474612063
0.000107,10700,0.80109,0.72819081,0.00027909638841036626,0.7284699063884104,90.93483957962958
0.000108,10800,0.80109,0.6921417600000002,0.0002815202251971587,0.6924232802251973,86.4351421469853
0.000109,10900,0.80109,0.73540062,0.000283466954822161,0.7356840869548221,91.83538515709364
0.00010999999999999999,11000,0.80109,0.7354006199999998,0.0002879735966407713,0.7356885935966406,91.83594772076184
0.000111,11100,0.80109,0.7378038900000001,0.00028873481092752757,0.7380926248109276,92.13604274314848
0.000112,11200,0.80109,0.7113679199999999,0.00029052265590261465,0.7116584426559025,88.83626591968651
0.00011300000000000001,11300,0.80109,0.7209810000000001,0.0002951314930023804,0.7212761314930025,90.03684124050932
0.000114,11400,0.80109,0.73059408,0.0002987024237059002,0.7308927824237059,91.23728699937898
0.000115,11500,0.80109,0.7137711899999999,0.00030357662584208585,0.714074766625842,89.13789544570857
0.00011600000000000001,11600,0.80109,0.7113679199999999,0.00030394738575985396,0.7116718673857598,88.83794172753636
0.00011700000000000001,11700,0.80109,0.7209809999999999,0.0003071517880242682,0.7212881517880242,90.03834173294952
0.00011800000000000001,11800,0.80109,0.7089646499999998,0.00030783115113776664,0.7092724811511375,88.53842653773913
0.000119,11900,0.80109,0.7113679199999999,0.0003106290213898406,0.7116785490213897,88.83877579564987
0.00012,12000,0.80109,0.7329973499999999,0.0003131459780342359,0.7333104959780341,91.53908998711452
0.000121,12100,0.80109,0.7185777300000001,0.0003163022754676294,0.7188940322754678,89.73948398748327
0.00012200000000000001,12200,0.80109,0.7233842699999998,0.0003186180185380558,0.7237028880185379,90.3397730615828
0.000123,12300,0.80109,0.7281908099999999,0.00032288768065351364,0.7285136976806533,90.94030604307322
0.000124,12400,0.80109,0.7233842699999999,0.00032419827105398523,0.723708468271054,90.34046964396545
0.000125,12500,0.80109,0.7185777299999999,0.0003279979897921395,0.718905727989792,89.7409439625981
0.00012600000000000003,12600,0.80109,0.7305940800000001,0.0003277898804589815,0.7309218698804592,91.24091798426504
0.000127,12700,0.80109,0.71857773,0.00033317639413979163,0.7189109063941398,89.74159038241802
0.000128,12800,0.80109,0.71617446,0.0003371584830096932,0.7165116184830097,89.44208746621256
0.000129,12900,0.80109,0.72578754,0.00033801665930784813,0.7261255566593079,90.64219459222704
0.00013000000000000002,13000,0.80109,0.720981,0.0003390885240688238,0.7213200885240688,90.04232839311535
0.000131,13100,0.80109,0.7113679200000003,0.00034414497842921444,0.7117120649784294,88.84295958989074
0.00013199999999999998,13200,0.80109,0.70415811,0.0003471141670781934,0.7045052241670782,87.9433302334542
0.00013299999999999998,13300,0.80109,0.7281908099999999,0.00034701959550945805,0.7285378295955093,90.94331842802903
0.000134,13400,0.80109,0.7378038900000001,0.00035011469592015506,0.7381540046959203,92.14370478923352
0.000135,13500,0.80109,0.7137711899999999,0.0003560953967425581,0.7141272853967424,89.14445135957804
0.000136,13600,0.80109,0.7378038900000002,0.0003583626401083356,0.7381622526401086,92.14473437946423
0.00013700000000000002,13700,0.80109,0.720981,0.00035818280781863536,0.7213391828078186,90.04471193095614
0.000138,13800,0.80109,0.70896465,0.0003634030822162448,0.7093280530822162,88.5453635773905
0.000139,13900,0.80109,0.6993515700000001,0.00036411633281535275,0.6997156863328154,87.34545261245215
0.00014,14000,0.80109,0.75222351,0.0003674442836190266,0.752590954283619,93.94586804026171
0.000141,14100,0.80109,0.7089646499999998,0.00036988744671277723,0.7093345374467125,88.54617302006844
0.000142,14200,0.80109,0.7161744600000001,0.00037455241980144664,0.7165490124198015,89.44675534831525
0.00014299999999999998,14300,0.80109,0.7089646499999999,0.00037296599015074097,0.7093376159901505,88.54655731439071
0.000144,14400,0.80109,0.7354006200000001,0.0003771547251208208,0.7357777747251208,91.84708019391334
0.000145,14500,0.80109,0.72578754,0.0003794740040166178,0.7261670140040166,90.64736970926823
0.000146,14600,0.80109,0.7137711899999997,0.00038460531175079623,0.7141557953117504,89.14801025001606
0.000147,14700,0.80109,0.73299735,0.0003826799610962522,0.7333800299610962,91.54776990864372
0.000148,14800,0.80109,0.7185777299999999,0.0003881497750949911,0.7189658797750949,89.74845270505708
0.000149,14900,0.80109,0.71857773,0.00039071986537743647,0.7189684498653774,89.7487735292308
0.00015,15000,0.80109,0.71617446,0.00039192312263656797,0.7165663831226365,89.44892373177561
0.00015099999999999998,15100,0.80109,0.6993515699999998,0.00039732924087549097,0.6997488992408754,87.34959857701425
0.000152,15200,0.80109,0.7450137000000001,0.00039968946324852136,0.7454133894632486,93.04989320344346
0.000153,15300,0.80109,0.7354006199999998,0.0004037088511157637,0.7358043288511156,91.85039494322618
0.00015399999999999998,15400,0.80109,0.7065613800000001,0.00040501400307414633,0.7069663940030743,88.25055786537807
0.000155,15500,0.80109,0.71136792,0.0004068704039020078,0.711774790403902,88.85078959961105
0.000156,15600,0.80109,0.74020716,0.00041079579012610537,0.7406179557901261,92.45127960533928
0.000157,15700,0.80109,0.7209810000000001,0.00041279367250544966,0.7213937936725056,90.0515290007303
0.000158,15800,0.80109,0.720981,0.0004148630178653001,0.7213958630178653,90.05178731708237
0.000159,15900,0.80109,0.7209809999999999,0.00041737812603793415,0.7213983781260378,90.05210127772675
0.00015999999999999999,16000,0.80109,0.7233842699999999,0.00042086867659622314,0.7238051386765961,90.35253700288676
0.00016099999999999998,16100,0.80109,0.7281908099999999,0.0004240187880739835,0.7286148287880738,90.95293023109703
0.00016199999999999998,16200,0.80109,0.7041581100000001,0.0004283179519738118,0.7045864279519739,87.9534668953686
0.00016300000000000003,16300,0.80109,0.6969483000000001,0.00042834074869576823,0.6973766407486959,87.05346974105828
0.000164,16400,0.80109,0.7522235099999999,0.0004302440067122699,0.7526537540067122,93.95370732456529
0.000165,16500,0.80109,0.7185777300000001,0.0004322340490869933,0.7190099640490871,89.75395574143535
0.00016600000000000002,16600,0.80109,0.7233842699999999,0.00043781413831619803,0.7238220841383162,90.35465230362396
0.00016700000000000002,16700,0.80109,0.7161744600000001,0.0004398554793973165,0.7166143154793974,89.4549071239301
0.00016800000000000002,16800,0.80109,0.72819081,0.00044277181104922757,0.7286335818110492,90.95527116940443
0.00016900000000000002,16900,0.80109,0.7450136999999998,0.00044695870079646384,0.7454606587007963,93.0557938185409
0.00017,17000,0.80109,0.7185777300000001,0.0004507164728544385,0.7190284464728546,89.7562629008627
0.000171,17100,0.80109,0.70656138,0.0004490126691096941,0.7070103926691097,88.2560502152305
0.000172,17200,0.80109,0.7233842699999999,0.00045233377581982485,0.7238366037758198,90.35646478865709
0.00017300000000000003,17300,0.80109,0.7017548399999999,0.0004538780984839704,0.7022087180984838,87.65665756638057
0.00017400000000000003,17400,0.80109,0.7450136999999999,0.00046187373058514003,0.745475573730585,93.05765566056938
0.000175,17500,0.80109,0.7113679200000003,0.00046008354951540954,0.7118280035495157,88.85743219226858
0.000176,17600,0.80109,0.7233842699999999,0.0004636404589942073,0.7238479104589941,90.35787620110428
0.00017700000000000002,17700,0.80109,0.7113679199999999,0.00046613945502448886,0.7118340594550244,88.85818815051822
0.00017800000000000002,17800,0.80109,0.720981,0.00047034109055870495,0.7214513410905586,90.05871264032939
0.00017900000000000001,17900,0.80109,0.72819081,0.0004707427562929082,0.7286615527562929,90.95876278029287
0.00017999999999999998,18000,0.80109,0.6873352200000001,0.00047511362479193736,0.687810333624792,85.8593083953593
0.000181,18100,0.80109,0.7233842699999999,0.00047780725524385043,0.7238620772552438,90.35964464102754
0.000182,18200,0.80109,0.70896465,0.000480396345336982,0.709445046345337,88.55996783704245
0.000183,18300,0.80109,0.7137711899999998,0.0004838694743003034,0.7142550594743001,89.16040138741633
0.00018400000000000003,18400,0.80109,0.7426104299999999,0.00048285848571657283,0.7430932884857165,92.76027518581927
0.00018500000000000002,18500,0.80109,0.7257875400000002,0.0004873307812581874,0.7262748707812584,90.66083346200784
0.000186,18600,0.80109,0.7450137000000001,0.0004896446905016448,0.7455033446905017,93.06112230715718
0.000187,18700,0.80109,0.70896465,0.0004929980102035336,0.7094576480102035,88.56154090178751
0.00018800000000000002,18800,0.80109,0.7281908100000001,0.0004967738261509487,0.7286875838261511,90.96201223664173
0.000189,18900,0.80109,0.7354006199999998,0.0004986611373420146,0.7358992811373418,91.86224782947086
0.00019,19000,0.80109,0.7161744599999998,0.0004996273545469967,0.7166740873545469,89.46236844230697
0.00019099999999999998,19100,0.80109,0.7185777300000001,0.0005017334698575151,0.7190794634698576,89.76263134851578
0.000192,19200,0.80109,0.7113679199999999,0.0005079969814299133,0.7118759169814298,88.86341322218799
0.000193,19300,0.80109,0.73299735,0.0005071380426650387,0.733504488042665,91.56330600090212
0.000194,19400,0.80109,0.7137711899999998,0.000512977711907318,0.7142841677119071,89.16403496634172
0.00019500000000000002,19500,0.80109,0.7017548399999998,0.0005131034981535022,0.7022679434981532,87.66405066825543
0.000196,19600,0.80109,0.7209810000000001,0.0005171979409007567,0.7214981979409009,90.0645617771968
0.000197,19700,0.80109,0.7257875400000001,0.0005206627994154847,0.7263082027994157,90.66499429519446
0.000198,19800,0.80109,0.70656138,0.0005239538441628292,0.7070853338441628,88.26540511601773
0.000199,19900,0.80109,0.7209809999999999,0.000524246937385251,0.7215052469373852,90.0654417028758
0.0002,20000,0.80109,0.7305940799999998,0.0005255097378934241,0.7311195897378933,91.2655993381518
0.000201,20100,0.80109,0.7354006200000001,0.0005318712156552738,0.7359324912156553,91.8663934408912
0.000202,20200,0.80109,0.72338427,0.0005336754454598678,0.72391794544546,90.36661866275504
0.000203,20300,0.80109,0.73299735,0.0005370438700575411,0.7335343938700576,91.56703914292514
0.000204,20400,0.80109,0.7137711899999999,0.0005393094975683116,0.7143104994975682,89.16732196098907
0.000205,20500,0.80109,0.7161744599999998,0.0005404314808136848,0.7167148914808136,89.46746201814535
0.00020600000000000002,20600,0.80109,0.7185777300000001,0.0005452204326503583,0.7191229504326505,89.76805982254089
0.000207,20700,0.80109,0.72338427,0.0005474858741994986,0.7239317558741996,90.36834261746104
0.000208,20800,0.80109,0.70896465,0.0005474932715578277,0.7095121432715578,88.56834354091582
0.00020899999999999998,20900,0.80109,0.6993515699999999,0.0005516372303365011,0.6999032072303364,87.36886083085655
0.00021,21000,0.80109,0.7354006199999998,0.000553305557302526,0.7359539255573023,91.86906908809885
0.000211,21100,0.80109,0.7450137000000001,0.0005602146886208432,0.745573914688621,93.06993155432232
0.000212,21200,0.80109,0.7089646500000001,0.0005577648246496841,0.7095224148246497,88.56962573799512
0.000213,21300,0.80109,0.71617446,0.0005615387008969926,0.716735998700897,89.4700968306769
0.000214,21400,0.80109,0.720981,0.0005657842832045607,0.7215467842832045,90.07062680640361
0.000215,21500,0.80109,0.7498202399999998,0.0005682235348926465,0.7503884635348924,93.67093129790209
0.000216,21600,0.80109,0.7209810000000001,0.0005714936096312082,0.7215524936096313,90.07133950115546
0.00021700000000000002,21700,0.80109,0.7185777300000001,0.0005740904262607245,0.7191518204262609,89.77166366157762
0.00021799999999999999,21800,0.80109,0.71857773,0.0005754352220542535,0.7191531652220543,89.77183153225845
0.00021899999999999998,21900,0.80109,0.6993515699999999,0.0005784865587189212,0.6999300565587189,87.37221243043469
0.00022,22000,0.80109,0.7113679199999998,0.0005826307659456492,0.7119505507659455,88.87272975146428
0.000221,22100,0.80109,0.71136792,0.0005850213474017824,0.7119529413474018,88.87302816759886
0.000222,22200,0.80109,0.71857773,0.0005864139725491678,0.7191641439725492,89.77320200875883
0.00022299999999999997,22300,0.80109,0.7233842699999999,0.0005896880654733555,0.7239739580654733,90.37361071361505
0.000224,22400,0.80109,0.72578754,0.000589804845075744,0.7263773448450758,90.67362529115049
0.000225,22500,0.80109,0.7209809999999999,0.0005979287944940749,0.7215789287944939,90.07463940315945
0.000226,22600,0.80109,0.71136792,0.0005966233303384674,0.7119645433303385,88.87447644209028
0.000227,22700,0.80109,0.7402071600000001,0.0005993547515695646,0.7408065147515697,92.47481740525274
0.000228,22800,0.80109,0.72338427,0.0006018636430944371,0.7239861336430945,90.37513058996691
0.000229,22900,0.80109,0.74741697,0.0006041127645962969,0.7480210827645962,93.37541134755469
0.00023,23000,0.80109,0.7017548399999999,0.0006059126843078778,0.7023607526843078,87.6756360314854
0.00023100000000000003,23100,0.80109,0.7378038899999998,0.0006108544985899139,0.7384147444985897,92.17625291772973
0.00023200000000000003,23200,0.80109,0.7137711900000001,0.0006126581211302276,0.7143838481211303,89.17647806377408
0.00023300000000000003,23300,0.80109,0.71857773,0.000616006501866932,0.7191937365018669,89.77689604185119
0.000234,23400,0.80109,0.71617446,0.0006189988284079016,0.7167934588284078,89.4772695738008
0.00023500000000000002,23500,0.80109,0.70415811,0.0006198194185391253,0.7047779294185391,87.97737200791946
0.00023600000000000002,23600,0.80109,0.7402071599999999,0.0006247573962432321,0.7408319173962431,92.47798841528518
0.00023700000000000001,23700,0.80109,0.7185777300000001,0.0006273639963340468,0.7192050939963341,89.77831379702738
0.000238,23800,0.80109,0.7281908100000001,0.0006282455502614068,0.7288190555502615,90.978423841329
0.000239,23900,0.80109,0.6969483,0.0006315824332097235,0.6975798824332097,87.07884038410751
0.00024,24000,0.80109,0.7305940799999999,0.0006369305401898533,0.7312310105401898,91.2795079879375
0.000241,24100,0.80109,0.7089646499999999,0.0006378339732422832,0.7096024839732421,88.57962076335811
0.00024200000000000003,24200,0.80109,0.7378038900000002,0.0006404738280932792,0.7384443638280935,92.17995029618882
0.00024300000000000002,24300,0.80109,0.73059408,0.0006416502194496429,0.7312357302194497,91.28009714509272
0.00024400000000000002,24400,0.80109,0.7233842699999999,0.0006454212393252693,0.7240296912393253,90.38056788118264
0.000245,24500,0.80109,0.720981,0.000649177342268937,0.721630177342269,90.0810367552181
0.00024599999999999996,24600,0.80109,0.6945450299999999,0.000650444472138295,0.6951954744721381,86.78119493088197
0.000247,24700,0.80109,0.7209810000000001,0.0006517674705213136,0.7216327674705214,90.08136008073217
0.000248,24800,0.80109,0.7113679199999999,0.000655032187421694,0.7120229521874216,88.8817676150278
0.000249,24900,0.80109,0.7354006199999998,0.0006573745223603289,0.7360579945223602,91.88206000858241
0.00024999999999999995,25000,0.80109,0.7329973499999999,0.0006613693186429739,0.7336587193186429,91.58255867859138
0.00025100000000000003,25100,0.80109,0.72578754,0.0006636680792350894,0.7264512080792351,90.68284563269671
0.000252,25200,0.80109,0.6945450300000001,0.0006653120916430251,0.6952103420916431,86.78305085470652
0.00025299999999999997,25300,0.80109,0.71136792,0.0006717769501068395,0.7120396969501069,88.88385786245513
0.000254,25400,0.80109,0.73540062,0.0006696692193146637,0.7360702892193146,91.88359475455219
0.00025499999999999996,25500,0.80109,0.74982024,0.0006752267546095974,0.7504954667546097,93.68428850122967
0.000256,25600,0.80109,0.7089646499999998,0.0006768693006833967,0.7096415193006832,88.58449354011108
0.00025699999999999996,25700,0.80109,0.7305940800000001,0.0006783137541027724,0.7312723937541029,91.28467385117183
0.00025799999999999993,25800,0.80109,0.7161744600000001,0.00068447986195037,0.7168589398619505,89.4854435658693
0.000259,25900,0.80109,0.69454503,0.000688313424478602,0.6952333434244786,86.78592210920884
0.00026,26000,0.80109,0.7354006199999998,0.0006889565265947768,0.7360895765265946,91.88600238751988
0.000261,26100,0.80109,0.7305940799999999,0.0006893362822360943,0.731283416282236,91.2860497924855
0.00026199999999999997,26200,0.80109,0.7281908100000002,0.0006937439547114032,0.7288845539547116,90.9866000018332
0.000263,26300,0.80109,0.7161744600000002,0.000695849582835697,0.7168703095828359,89.48686284722982
0.000264,26400,0.80109,0.7161744600000001,0.0006997041874801652,0.7168741641874802,89.48734401720183
0.000265,26500,0.80109,0.7305940799999999,0.0007008137623740328,0.731294893762374,91.28748252536222
0.00026600000000000007,26600,0.80109,0.7113679199999998,0.0007049386362666427,0.7120728586362665,88.88799743302843
0.00026700000000000004,26700,0.80109,0.7137711900000002,0.0007090809361271956,0.7144802709361274,89.18851451600845
0.00026800000000000006,26800,0.80109,0.7257875400000002,0.0007117560016295188,0.7264992960016298,90.68884844412811
0.00026900000000000003,26900,0.80109,0.69214176,0.0007110841393358371,0.6928528441393359,86.48876457572548
0.00027,27000,0.80109,0.73299735,0.0007154788662788884,0.7337128288662789,91.58931316910378
0.00027100000000000003,27100,0.80109,0.7233842699999999,0.0007165375342741208,0.7241008075342741,90.38944532245559
0.000272,27200,0.80109,0.7329973500000001,0.0007183751147279108,0.733715725114728,91.58967470763794
0.0002730000000000001,27300,0.80109,0.7257875400000001,0.000724130176688512,0.7265116701766886,90.69039311147382
0.00027400000000000005,27400,0.80109,0.71136792,0.000724943083255502,0.7120928630832556,88.89049458655066
0.000275,27500,0.80109,0.7185777299999999,0.0007293459258889759,0.7193070759258889,89.79104419298692
0.00027600000000000004,27600,0.80109,0.7257875399999998,0.0007318752268306912,0.7265194152268305,90.69135992543607
0.000277,27700,0.80109,0.7329973499999999,0.0007309355206507023,0.7337282855206506,91.59124262202539
0.00027800000000000004,27800,0.80109,0.7209810000000001,0.0007354845229694624,0.7217164845229695,90.09181047361538
0.000279,27900,0.80109,0.7233842699999999,0.0007396712724606441,0.7241239412724606,90.3923331051954
0.00028000000000000003,28000,0.80109,0.7137711899999999,0.0007445207928313032,0.7145157107928312,89.19293847045479
0.00028100000000000005,28100,0.80109,0.7305940799999999,0.0007453922301859032,0.7313394722301858,91.29304725184684
0.000282,28200,0.80109,0.7113679199999997,0.0007482991926926342,0.7121162191926923,88.89341012787281
0.00028300000000000005,28300,0.80109,0.73299735,0.0007491315409219626,0.7337464815409219,91.59351402969614
0.000284,28400,0.80109,0.7137711899999999,0.0007496679220310667,0.7145208579220309,89.19358098615952
0.000285,28500,0.80109,0.73059408,0.0007562778894503926,0.7313503578894505,91.29440610782076
0.000286,28600,0.80109,0.70415811,0.0007542296123499548,0.7049123396123499,87.99415042161552
0.00028700000000000004,28700,0.80109,0.71617446,0.0007600687192881631,0.7169345287192881,89.4948793168743
0.00028800000000000006,28800,0.80109,0.6969483000000001,0.0007629052297907612,0.6977112052297908,87.0952333982174
0.00028900000000000003,28900,0.80109,0.7281908100000001,0.0007637282494373213,0.7289545382494373,90.99533613568443
0.00029,29000,0.80109,0.71857773,0.0007699143515579772,0.719347644351558,89.79610834631578
0.000291,29100,0.80109,0.7281908099999999,0.0007706626346173257,0.7289614726346172,90.99620175441085
0.000292,29200,0.80109,0.7305940799999999,0.0007728162619233021,0.7313668962619232,91.29647059159595
0.000293,29300,0.80109,0.7402071600000002,0.0007744075465556267,0.7409815675465559,92.49666923153407
0.000294,29400,0.80109,0.7137711899999999,0.0007802255084569016,0.7145514155084568,89.19739548713787
0.000295,29500,0.80109,0.74020716,0.0007798517231959784,0.7409870117231959,92.49734882760538
0.00029600000000000004,29600,0.80109,0.7185777299999999,0.0007821403715884319,0.7193598703715883,89.79763451947291
0.000297,29700,0.80109,0.71617446,0.0007862006030920354,0.716960660603092,89.49814135780787
0.00029800000000000003,29800,0.80109,0.7185777300000001,0.0007889459283122937,0.7193666759283124,89.7984840564554
0.000299,29900,0.80109,0.71857773,0.000794666652736939,0.719372396652737,89.7991981741057
0.00030000000000000003,30000,0.80109,0.720981,0.0007980036816432332,0.7217790036816432,90.09961473512391
0.000301,30100,0.80109,0.6993515699999999,0.0007969020428876954,0.7001484720428877,87.3994772176514
0.000302,30200,0.80109,0.7378038899999998,0.0007990939326161686,0.7386029839326159,92.19975083107406
0.00030300000000000005,30300,0.80109,0.7257875400000002,0.0008001741788297611,0.72658771417883,90.69988567811069
0.000304,30400,0.80109,0.7209810000000001,0.0008068446504527211,0.7217878446504529,90.10071835254558
0.00030500000000000004,30500,0.80109,0.70415811,0.0008050150555089174,0.7049631250555088,88.0004899643805
0.000306,30600,0.80109,0.70415811,0.0008124883265348873,0.7049705983265349,88.00142285218315
0.000307,30700,0.80109,0.7257875399999998,0.000810564829530127,0.7265981048295299,90.70118274219668
0.000308,30800,0.80109,0.7305940800000001,0.0008144389310613032,0.7314085189310614,91.30166634600052
0.00030900000000000003,30900,0.80109,0.7209810000000001,0.0008180360525802333,0.7217990360525803,90.10211537431022
0.00031000000000000005,31000,0.80109,0.71857773,0.0008188310221606379,0.7193965610221607,89.80221461039952
0.000311,31100,0.80109,0.7209809999999999,0.0008233487310533872,0.7218043487310533,90.10277855561942
0.000312,31200,0.80109,0.7257875399999998,0.0008249388606076047,0.7266124788606074,90.70297705130024
0.000313,31300,0.80109,0.7426104300000002,0.000830730254490006,0.7434411602544901,92.803699990592
0.000314,31400,0.80109,0.720981,0.0008298956217811687,0.7218108956217811,90.10359580343399
0.000315,31500,0.80109,0.7065613799999999,0.0008340252638017821,0.7073954052638017,88.30411130636398
0.00031600000000000004,31600,0.80109,0.71857773,0.0008408433938460554,0.7194185733938461,89.80496241290845
0.000317,31700,0.80109,0.7209809999999999,0.0008420694735226998,0.7218230694735226,90.10511546438697
0.00031800000000000003,31800,0.80109,0.7113679199999998,0.0008450527959867403,0.7122129727959866,88.90548787226109
0.000319,31900,0.80109,0.7257875400000001,0.0008442541228525918,0.7266317941228527,90.70538817399077
0.00032,32000,0.80109,0.7161744600000001,0.0008511995535282966,0.7170256595535284,89.50625517150736
0.000321,32100,0.80109,0.72819081,0.0008499504783050322,0.729040760478305,91.00609924955447
0.00032199999999999997,32200,0.80109,0.6993515699999999,0.00085145455565672,0.7002030245556566,87.40628700342987
0.000323,32300,0.80109,0.7522235099999999,0.000854702621947,0.7530782126219469,94.00669245928493
0.000324,32400,0.80109,0.71136792,0.000859805041327654,0.7122277250413277,88.90732939382282
0.00032500000000000004,32500,0.80109,0.7257875400000001,0.0008636683631977341,0.7266512083631979,90.707811652073
0.000326,32600,0.80109,0.720981,0.0008637898707886513,0.7218447898707886,90.10782681975489
0.000327,32700,0.80109,0.7281908099999999,0.0008664925316355014,0.7290573025316354,91.00816419276588
0.000328,32800,0.80109,0.7185777299999998,0.0008725251826419594,0.7194502551826417,89.80891724808255
0.000329,32900,0.80109,0.7161744600000002,0.0008701066660727868,0.717044566666073,89.50861534485739
0.00033,33000,0.80109,0.7474169700000003,0.0008738061633734356,0.7482907761633737,93.40907715275476
0.000331,33100,0.80109,0.6969483000000001,0.0008761790730223761,0.6978244790730225,87.10937336297555
0.00033200000000000005,33200,0.80109,0.7137711900000001,0.0008797782922092439,0.7146509682922093,89.20982265317127
0.000333,33300,0.80109,0.73299735,0.0008836312291224893,0.7338809812291225,91.61030361492739
0.000334,33400,0.80109,0.73299735,0.00088360158344619,0.7338809515834461,91.61029991431859
0.000335,33500,0.80109,0.7041581100000001,0.0008890483791906791,0.7050471583791907,88.01097983735939
0.000336,33600,0.80109,0.7137711899999998,0.0008906060015737544,0.7146617960015735,89.21117427524557
0.000337,33700,0.80109,0.7041581099999998,0.0008934666662922681,0.7050515766662921,88.01153137177654
0.00033800000000000003,33800,0.80109,0.7378038899999998,0.0008940551493922223,0.738697945149392,92.21160483211929
0.000339,33900,0.80109,0.7305940799999998,0.0009007787114857729,0.7314948587114856,91.31244413375904
0.00034,34000,0.80109,0.7329973500000001,0.0009026978315216207,0.7339000478315217,91.61268369744558
0.000341,34100,0.80109,0.7017548400000001,0.0009013744033856614,0.7026562144033858,87.7125184939651
0.000342,34200,0.80109,0.7137711900000001,0.0009073242014361955,0.7146785142014364,89.21326120676777
0.000343,34300,0.80109,0.73299735,0.0009090508952191735,0.7339064008952192,91.61347674985595
0.00034399999999999996,34400,0.80109,0.7113679199999999,0.0009102013417582408,0.7122781213417582,88.91362036001247
0.00034500000000000004,34500,0.80109,0.7137711899999999,0.000913593343653521,0.7146847833436534,89.21404378325445
0.000346,34600,0.80109,0.74261043,0.0009190821688035664,0.7435295121688036,92.81472895290594
0.00034700000000000003,34700,0.80109,0.7137711899999998,0.0009168800784524691,0.7146880700784523,89.21445406616446
0.000348,34800,0.80109,0.7089646499999999,0.0009235746341738896,0.7098882246341738,88.6152897469307
0.00034899999999999997,34900,0.80109,0.7089646499999999,0.0009248732233441649,0.709889523223344,88.6154518498093
0.00035,35000,0.80109,0.7233842700000003,0.0009260300629228745,0.7243103000629232,90.41559625800846
0.00035099999999999997,35100,0.80109,0.7257875400000001,0.0009321048252675675,0.7267196448252677,90.71635456998561
0.000352,35200,0.80109,0.7329973500000001,0.000934252360076591,0.7339316023600767,91.61662264663356
0.000353,35300,0.80109,0.7233842699999999,0.0009346898781707508,0.7243189598781707,90.4166772620397
0.000354,35400,0.80109,0.71857773,0.0009378756300239115,0.7195156056300239,89.81707493914817
0.000355,35500,0.80109,0.73299735,0.000943690584504121,0.7339410405845042,91.61780081942615
0.000356,35600,0.80109,0.7209809999999999,0.0009455114054924016,0.7219265114054922,90.11802811242862
0.000357,35700,0.80109,0.71617446,0.0009431253147409396,0.7171175853147409,89.51773025687271
0.000358,35800,0.80109,0.70415811,0.0009475819068326252,0.7051056919068326,88.01828657285829
0.00035899999999999994,35900,0.80109,0.7426104299999998,0.0009502142212940383,0.7435606442212939,92.8186151645369
0.00036,36000,0.80109,0.7281908100000002,0.0009523425065670069,0.7291431525065672,91.0188808381823
0.000361,36100,0.80109,0.7185777300000001,0.00095809494681417,0.7195358249468143,89.81959891483956
0.000362,36200,0.80109,0.7161744600000002,0.000961512852813164,0.7171359728528134,89.52002557177467
0.000363,36300,0.80109,0.7161744600000001,0.0009662258473368999,0.7171406858473369,89.52061389441181
0.000364,36400,0.80109,0.7161744600000001,0.0009633039443416684,0.7171377639443417,89.52024915358983
0.000365,36500,0.80109,0.7161744600000001,0.0009634773248941753,0.7171379373248943,89.52027079670613
0.00036599999999999995,36600,0.80109,0.72578754,0.0009705869069741691,0.7267581269069742,90.72115828516004
0.00036700000000000003,36700,0.80109,0.720981,0.0009731573927284561,0.7219541573927284,90.12147915870557
0.000368,36800,0.80109,0.70415811,0.0009740390202012668,0.7051321490202012,88.02158921229271
0.000369,36900,0.80109,0.7354006199999998,0.0009755280580113314,0.7363761480580112,91.92177508864371
0.00037,37000,0.80109,0.7354006200000001,0.0009808612600212283,0.7363814812600213,91.92244083189104
0.00037099999999999996,37100,0.80109,0.7089646500000001,0.0009835259103803098,0.7099481759103804,88.6227734599783
0.000372,37200,0.80109,0.72819081,0.0009850162187181365,0.7291758262187181,91.02295949501048
0.00037299999999999996,37300,0.80109,0.70896465,0.0009896214822427828,0.7099542714822428,88.62353436967723
0.00037400000000000004,37400,0.80109,0.72578754,0.0009942931214867302,0.7267818331214867,90.72411753008736
0.000375,37500,0.80109,0.7233842699999999,0.0009936524343761315,0.724377922434376,90.42403755312316
0.000376,37600,0.80109,0.7305940799999999,0.0009984441275102582,0.7315925241275102,91.3246356997477
0.000377,37700,0.80109,0.7065613799999999,0.001003748845236169,0.707565128845236,88.32529788737837
0.00037799999999999997,37800,0.80109,0.7137711899999999,0.0009990735114809573,0.7147702635114809,89.22471426570388
0.000379,37900,0.80109,0.7257875399999998,0.0010045762820071421,0.7267921162820069,90.72540117617751
0.00037999999999999997,38000,0.80109,0.6945450299999999,0.0010028021660719983,0.6955478321660719,86.82517971337272
0.00038099999999999994,38100,0.80109,0.7474169700000002,0.0010068636901239265,0.7484238336901241,93.42568671314925
0.000382,38200,0.80109,0.7257875400000001,0.0010095802249381841,0.7267971202249383,90.72602581786302
0.000383,38300,0.80109,0.73299735,0.0010170639915283248,0.7340144139915283,91.62696001596227
0.000384,38400,0.80109,0.7113679199999999,0.0010215303166423207,0.7123894503166422,88.92751754691112
0.000385,38500,0.80109,0.73299735,0.001018382050621628,0.7340157320506216,91.62712454913846
0.00038599999999999995,38600,0.80109,0.71857773,0.0010259469186671662,0.7196036769186672,89.82806887103203
0.000387,38700,0.80109,0.7113679199999999,0.0010272823193577987,0.7123952023193577,88.92823556890367
0.00038799999999999994,38800,0.80109,0.7329973499999998,0.0010291957291900613,0.7340265457291898,91.62847441972389
0.000389,38900,0.80109,0.7089646499999999,0.0010316638571478834,0.7099963138571478,88.62878251601856
0.00039,39000,0.80109,0.7233842699999997,0.0010338069384356987,0.7244180769384354,90.42905003666486
0.00039099999999999996,39100,0.80109,0.7402071600000001,0.0010338293136497884,0.7412409893136499,92.529052829664
0.000392,39200,0.80109,0.7354006200000001,0.0010389985301042575,0.7364396185301043,91.92969810262419
0.00039299999999999996,39300,0.80109,0.7041581100000001,0.0010390073317472824,0.7051971173317474,88.02969920132114
0.000394,39400,0.80109,0.6993515699999999,0.0010428002042439043,0.7003943702042438,87.43017266528376
0.00039499999999999995,39500,0.80109,0.70896465,0.0010453219980260848,0.7100099719980261,88.63048746056076
0.00039600000000000003,39600,0.80109,0.71617446,0.0010507370857384308,0.7172251970857384,89.53116342555538
0.00039700000000000005,39700,0.80109,0.7209809999999999,0.001051292523664102,0.722032292523664,90.1312327608179
0.000398,39800,0.80109,0.7426104299999999,0.001058131060830855,0.7436685610608308,92.83208641482616
0.00039900000000000005,39900,0.80109,0.7209809999999998,0.001053743516759269,0.722034743516759,90.13153871815524
0.0004,40000,0.80109,0.7209809999999998,0.0010589779791104247,0.7220399779791102,90.13219213558601
0.00040100000000000004,40100,0.80109,0.7137711900000002,0.00106160741818308,0.7148327974181833,89.23252036822137
0.000402,40200,0.80109,0.71136792,0.001069792454069424,0.7124377124540695,88.93354210570972
0.00040300000000000004,40300,0.80109,0.7281908100000001,0.0010673178076950765,0.7292581278076952,91.03323319573644
0.00040400000000000006,40400,0.80109,0.7137711900000001,0.0010690729679798034,0.7148402629679799,89.2334522922212
0.00040500000000000003,40500,0.80109,0.7281908100000001,0.001076960376469347,0.7292677703764694,91.034436876819
0.00040600000000000006,40600,0.80109,0.72819081,0.0010778691679538292,0.7292686791679538,91.03455032120881
0.000407,40700,0.80109,0.72578754,0.001078286969705254,0.7268658269697053,90.73460247537355
0.000408,40800,0.80109,0.7233842699999998,0.0010809538090297672,0.7244652238090296,90.43493537663593
0.000409,40900,0.80109,0.71617446,0.001084300182979437,0.7172587601829794,89.53535310419596
0.00041,41000,0.80109,0.7233842699999998,0.0010861921243876737,0.7244704621243875,90.43558927521596
0.00041100000000000007,41100,0.80109,0.7113679200000003,0.0010912276941194368,0.7124591476941197,88.93621786491683
0.00041200000000000004,41200,0.80109,0.7329973500000001,0.0010931272934670618,0.7340904772934672,91.63645499175136
0.000413,41300,0.80109,0.7161744600000002,0.0010945987172145042,0.7172690587172147,89.53663866943357
0.00041400000000000003,41400,0.80109,0.7017548400000001,0.0010965439096855562,0.7028513839096857,87.73688148772317
0.000415,41500,0.80109,0.7281908100000001,0.0011009562763491132,0.7292917662763492,91.03743228309852
0.00041600000000000003,41600,0.80109,0.70415811,0.0010983974484788698,0.7052565074484788,88.03711286471987
0.000417,41700,0.80109,0.7281908100000001,0.001105271369714381,0.7292960813697145,91.03797093578896
0.000418,41800,0.80109,0.73780389,0.0011083658901993132,0.7389122558901994,92.2383572246167
0.00041900000000000005,41900,0.80109,0.7450136999999999,0.0011099297499317237,0.7461236297499316,93.13855244107064
0.00042,42000,0.80109,0.7185777299999999,0.0011092515523078747,0.7196869815523078,89.83846778165481
0.00042100000000000004,42100,0.80109,0.7017548399999999,0.0011137911812458498,0.7028686311812458,87.73903446316777
0.000422,42200,0.80109,0.7017548400000002,0.0011171976809459137,0.7028720376809461,87.7394596963319
0.00042300000000000004,42300,0.80109,0.7378038900000001,0.0011217553766556775,0.7389256453766558,92.24002863309575
0.000424,42400,0.80109,0.720981,0.001124289239364902,0.7221052892393649,90.14034493492026
0.00042500000000000003,42500,0.80109,0.7113679199999999,0.0011246813366913493,0.7124926013366912,88.94039388041729
0.00042600000000000005,42600,0.80109,0.7257875400000001,0.0011326533842997636,0.7269201933842999,90.74138903051566
0.000427,42700,0.80109,0.73299735,0.001129700562662269,0.7341270505626623,91.64102042996323
0.00042800000000000005,42800,0.80109,0.7113679199999999,0.0011331796543507797,0.7125010996543507,88.9414547247433
0.000429,42900,0.80109,0.7137711899999998,0.0011400075154008684,0.7149111975154007,89.24230704608075
0.00043,43000,0.80109,0.7065613799999999,0.00113931002867549,0.7077006900286754,88.34221997887715
0.000431,43100,0.80109,0.7498202399999998,0.0011452467366114695,0.7509654867366112,93.74296105759366
0.00043200000000000004,43200,0.80109,0.7257875400000001,0.001144404230567589,0.7269319442305677,90.74285588769399
0.00043300000000000006,43300,0.80109,0.7065613800000001,0.0011458200430523257,0.7077072000430524,88.34303262341716
0.00043400000000000003,43400,0.80109,0.73780389,0.0011516499438976114,0.7389555399438976,92.24376036947722
0.000435,43500,0.80109,0.7137711900000001,0.0011515943279527437,0.7149227843279529,89.24375342696946
0.000436,43600,0.80109,0.7017548399999999,0.0011588333974282912,0.7029136733974282,87.74465707941194
0.000437,43700,0.80109,0.73540062,0.0011596686462270413,0.736560288646227,91.94476134346797
0.000438,43800,0.80109,0.7185777299999999,0.0011594438293865265,0.7197371738293864,89.8447332795746
0.00043900000000000005,43900,0.80109,0.72819081,0.0011609304509447773,0.7293517404509448,91.04491885440318
0.00044,44000,0.80109,0.7354006199999998,0.0011668035591353052,0.7365674235591352,91.9456519940467
0.00044100000000000004,44100,0.80109,0.7209809999999999,0.0011714078087763755,0.7221524078087762,90.14622674216818
0.000442,44200,0.80109,0.7041581100000001,0.0011741595535978118,0.7053322695535978,88.04657024226547
0.00044300000000000003,44300,0.80109,0.7041581100000001,0.0011759395620712175,0.7053340495620712,88.04679244057786
0.000444,44400,0.80109,0.73059408,0.0011734630731436856,0.7317675430731437,91.34648330061786
0.000445,44500,0.80109,0.7378038900000001,0.00117958863771686,0.738983478637717,92.2472479543737
0.000446,44600,0.80109,0.720981,0.0011843337349101764,0.7221653337349102,90.14784028447397
0.000447,44700,0.80109,0.7137711899999999,0.0011866864031340831,0.714957876403134,89.24813396782851
0.00044800000000000005,44800,0.80109,0.74020716,0.0011870315020620329,0.741394191502062,92.54817704657685
0.000449,44900,0.80109,0.6969482999999999,0.0011898602966333295,0.6981381602966332,87.1485301647532
0.00045,45000,0.80109,0.7137711899999998,0.0011930292610168429,0.7149642192610166,89.24892574626627
0.000451,45100,0.80109,0.7233842699999998,0.0011949024529820716,0.7245791724529819,90.44915957668641
0.000452,45200,0.80109,0.7089646500000002,0.0011959590785047141,0.7101606090785049,88.64929147520061
0.000453,45300,0.80109,0.7329973500000001,0.0012014237665269713,0.7341987737665271,91.6499736317509
0.00045400000000000003,45400,0.80109,0.7017548400000001,0.0012053281966452449,0.7029601681966453,87.75046102140102
0.00045500000000000006,45500,0.80109,0.72578754,0.0012085953206775212,0.7269961353206775,90.75086885626243
0.000456,45600,0.80109,0.73299735,0.001207205401644781,0.7342045554016448,91.65069535284796
0.000457,45700,0.80109,0.7402071600000001,0.0012100067638321325,0.7414171667638322,92.55104504656657
0.000458,45800,0.80109,0.73059408,0.0012167784479899999,0.73181085844799,91.35189035541208
0.000459,45900,0.80109,0.7113679199999999,0.0012157192150374625,0.7125836392150374,88.9517581314118
0.00046,46000,0.80109,0.6945450299999999,0.001221157456641239,0.6957661874566411,86.85243698669112
0.00046100000000000004,46100,0.80109,0.7281908099999999,0.0012226087533816865,0.7294134187533815,91.05261815191938
0.000462,46200,0.80109,0.7281908099999999,0.0012289079186733286,0.7294197179186732,91.05340447624424
0.00046300000000000003,46300,0.80109,0.7137711900000001,0.0012287256516914213,0.7149999156516915,89.25338172390309
0.000464,46400,0.80109,0.7378038900000001,0.0012283636240820223,0.7390322536240822,92.2533365319366
0.000465,46500,0.80109,0.7017548400000001,0.0012326914159857315,0.7029875314159858,87.75387676993643
0.000466,46600,0.80109,0.73059408,0.0012317055961102435,0.7318257855961102,91.35375371005779
0.00046699999999999997,46700,0.80109,0.7137711899999999,0.0012352809542284168,0.7150064709542283,89.25420002174813
0.00046800000000000005,46800,0.80109,0.7233842699999999,0.0012435817164094436,0.7246278517164094,90.45523620518918
0.000469,46900,0.80109,0.7257875400000001,0.0012402031307774438,0.7270277431307776,90.75481445670304
0.00047000000000000004,47000,0.80109,0.7089646499999999,0.0012468226008988973,0.7102114726008988,88.6556407645304
0.000471,47100,0.80109,0.7329973499999999,0.0012502470341787238,0.7342475970341786,91.65606823636665
0.000472,47200,0.80109,0.7546267799999998,0.0012503654865911548,0.755877145486591,94.35608302268977
0.000473,47300,0.80109,0.7113679200000003,0.0012527620677571507,0.7126206820677574,88.95638218772034
0.000474,47400,0.80109,0.7161744600000001,0.0012582715728193807,0.7174327315728195,89.55706993882072
0.000475,47500,0.80109,0.70896465,0.0012612292102145647,0.7102258792102145,88.65743914044072
0.000476,47600,0.80109,0.7329973500000001,0.0012633044835354428,0.7342606544835355,91.65769819664182
0.000477,47700,0.80109,0.70896465,0.0012636283525967304,0.7102282783525967,88.65773862525343
0.000478,47800,0.80109,0.7233842699999998,0.0012672054281103282,0.7246514754281101,90.45818515121779
0.000479,47900,0.80109,0.71617446,0.0012673537856441824,0.7174418137856441,89.55820367067359
0.00048,48000,0.80109,0.7185777299999999,0.0012723886213074893,0.7198501186213074,89.85883216882654
0.000481,48100,0.80109,0.7354006199999998,0.0012736314360343069,0.7366742514360342,91.95898730931236
0.00048199999999999995,48200,0.80109,0.6993515699999997,0.0012813719888863288,0.700632941988886,87.45995356186135
0.00048300000000000003,48300,0.80109,0.7354006200000001,0.0012801249955572587,0.7366807449955574,91.9597978998571
0.000484,48400,0.80109,0.72338427,0.0012810342917982634,0.7246653042917983,90.45991140716372
0.000485,48500,0.80109,0.69454503,0.0012843563034488947,0.6958293863034489,86.86032609358539
0.000486,48600,0.80109,0.7137711900000001,0.0012880922367376594,0.7150592822367378,89.2607924499129
0.000487,48700,0.80109,0.7402071600000001,0.001289397210445742,0.7414965572104458,92.56095534966941
0.000488,48800,0.80109,0.72578754,0.0012925349049846407,0.7270800749049846,90.76134702776642
0.0004890000000000001,48900,0.80109,0.7209809999999999,0.0012980917825208646,0.7222790917825207,90.16204069235808
0.00049,49000,0.80109,0.7137711899999998,0.001300837953758838,0.7150720279537586,89.2623834967314
0.000491,49100,0.80109,0.70896465,0.0013011709836059605,0.7102658209836059,88.66242506875574
0.000492,49200,0.80109,0.7305940799999999,0.0013026483037940943,0.731896728303794,91.36260948255617
0.0004930000000000001,49300,0.80109,0.7161744600000002,0.0013022235336107174,0.7174766835336109,89.56255645857016
0.000494,49400,0.80109,0.7378038900000001,0.001311363484785541,0.7391152534847857,92.2636973978791
0.0004950000000000001,49500,0.80109,0.7137711900000001,0.0013133333420513134,0.7150845233420514,89.26394329504603
0.000496,49600,0.80109,0.7089646500000001,0.001313791609113775,0.7102784416091139,88.66400050044744
0.000497,49700,0.80109,0.74261043,0.0013153398198944882,0.7439257698198946,92.86419376349131
0.000498,49800,0.80109,0.72578754,0.0013212121875156092,0.7271087521875156,90.76492681067452
0.000499,49900,0.80109,0.7209809999999999,0.0013243427023546194,0.7223053427023545,90.16531759254977
0.0005,50000,0.80109,0.7233842699999999,0.0013265872753183664,0.7247108572753183,90.46559778243899
0.0005010000000000001,50100,0.80109,0.7065613799999999,0.001329116428659319,0.7078904964286592,88.36591349642241
0.0005020000000000001,50200,0.80109,0.7161744599999998,0.0013317883637406053,0.7175062483637404,89.56624703389897
0.0005030000000000001,50300,0.80109,0.7329973499999998,0.0013302336045323715,0.7343275836045321,91.66605295340774
0.000504,50400,0.80109,0.71136792,0.001334278130017755,0.7127021981300178,88.96655783121071
0.000505,50500,0.80109,0.7209810000000001,0.0013383507442776188,0.7223193507442777,90.16706621535106
0.000506,50600,0.80109,0.73299735,0.001339638341871719,0.7343369883418717,91.66722694597496
0.0005070000000000001,50700,0.80109,0.70656138,0.0013411097849002876,0.7079024897849003,88.36741062618223
0.000508,50800,0.80109,0.7113679199999999,0.0013459874016583744,0.7127139074016583,88.9680194986074
0.000509,50900,0.80109,0.73780389,0.0013477748057747548,0.7391516648057748,92.26824262018735
0.0005099999999999999,51000,0.80109,0.73299735,0.0013507187544122038,0.7343480687544122,91.66861011301394
0.0005110000000000001,51100,0.80109,0.70415811,0.0013516435542355264,0.7055097535542355,88.06872555568003
0.000512,51200,0.80109,0.7281908099999999,0.0013569449672383152,0.7295477549672381,91.06938733065488
0.000513,51300,0.80109,0.7185777299999998,0.0013586545395609696,0.7199363845395608,89.86960073646885
0.0005139999999999999,51400,0.80109,0.7329973500000001,0.0013625517162081503,0.7343599017162082,91.67008722064112
0.0005149999999999999,51500,0.80109,0.7257875400000001,0.001366939147117384,0.7271544791471175,90.77063490337288
0.0005160000000000001,51600,0.80109,0.7137711900000001,0.0013672061552671532,0.7151383961552673,89.27066823396285
0.0005170000000000001,51700,0.80109,0.72578754,0.0013695985872930665,0.727157138587293,90.77096688097343
0.000518,51800,0.80109,0.71617446,0.0013715286484946385,0.7175459886484946,89.57120781047173
0.000519,51900,0.80109,0.71857773,0.001370970457501067,0.7199487004575011,89.87113813145592
0.00052,52000,0.80109,0.7065613799999999,0.0013798638189932,0.7079412438189931,88.37224828911579
0.0005210000000000001,52100,0.80109,0.7065613799999999,0.0013819837838641344,0.707943363783864,88.37251292415644
0.000522,52200,0.80109,0.7233842699999998,0.0013823620926393322,0.7247666320926391,90.4725601483599
0.000523,52300,0.80109,0.7329973499999998,0.0013858218427906558,0.7343831718427904,91.67299202869057
0.0005239999999999999,52400,0.80109,0.7041581100000002,0.0013869425308878631,0.7055450525308881,88.07313192410984
0.000525,52500,0.80109,0.7185777300000001,0.0013873089890641898,0.7199650389890643,89.87317766901043
0.000526,52600,0.80109,0.7329973500000001,0.001392824827987462,0.7343901748279875,91.67386621086324
0.000527,52700,0.80109,0.7281908100000001,0.0013984667732979631,0.729589276773298,91.07457049434399
0.0005279999999999999,52800,0.80109,0.7426104299999999,0.001396568388174362,0.7440069983881743,92.87433351910005
0.000529,52900,0.80109,0.6969483,0.001402021864325191,0.6983503218643251,87.17501427606817
0.00053,53000,0.80109,0.7329973499999999,0.001399611621492607,0.7343969616214925,91.67471340570587
0.0005310000000000001,53100,0.80109,0.7233842699999998,0.0014053870215677397,0.7247896570215676,90.47543434839712
0.000532,53200,0.80109,0.7185777299999998,0.0014110513897826978,0.7199887813897825,89.8761414310414
0.000533,53300,0.80109,0.7281908099999999,0.001418462094875087,0.7296092720948749,91.07706650874138
0.000534,53400,0.80109,0.7041581100000001,0.0014117975874267156,0.7055699075874268,88.07623457879048
0.0005350000000000001,53500,0.80109,0.7281908100000002,0.0014133264530306867,0.7296041364530309,91.0764254269761
0.000536,53600,0.80109,0.7209810000000001,0.001418257608842512,0.7223992576088426,90.17704098271835
0.000537,53700,0.80109,0.6993515699999999,0.001420802296186509,0.7007723722961864,87.47735863592972
0.000538,53800,0.80109,0.7233842699999999,0.001423829625849182,0.7248080996258491,90.47773653718825
0.000539,53900,0.80109,0.720981,0.0014282016282426882,0.7224092016282426,90.17828229389016
0.00054,54000,0.80109,0.7305940799999999,0.001429324812217088,0.7320234048122171,91.37842250087418
0.000541,54100,0.80109,0.71617446,0.0014340837805112852,0.7176085437805112,89.57901656257415
0.000542,54200,0.80109,0.7305940799999999,0.0014335659812985094,0.7320276459812984,91.37895192561467
0.000543,54300,0.80109,0.7209809999999999,0.0014339966831795426,0.7224149966831794,90.17900569021089
0.0005439999999999999,54400,0.80109,0.7450137000000002,0.0014377441950927919,0.746451444195093,93.17947349167547
0.0005450000000000001,54500,0.80109,0.7257875400000001,0.0014423164869830475,0.7272298564869831,90.78004425060308
0.000546,54600,0.80109,0.7113679199999999,0.0014462003752326747,0.7128141203752326,88.98052907606754
0.0005470000000000001,54700,0.80109,0.68733522,0.0014488992644968207,0.6887841192644969,85.98086597813672
0.000548,54800,0.80109,0.72578754,0.0014525021526451873,0.7272400421526451,90.78131572638733
0.000549,54900,0.80109,0.7378038900000001,0.0014533339366255334,0.7392572239366256,92.28141955798999
0.00055,55000,0.80109,0.71617446,0.00145795451113176,0.7176324145111317,89.58199634379284
0.0005510000000000001,55100,0.80109,0.7185777299999999,0.0014560785636340532,0.720033808563634,89.88176216954895
0.000552,55200,0.80109,0.7209809999999999,0.0014588395153492045,0.7224398395153491,90.18210681882073
0.000553,55300,0.80109,0.7305940799999999,0.00146702495728858,0.7320611049572885,91.38312860700957
0.0005539999999999999,55400,0.80109,0.7209809999999998,0.0014653107969898158,0.7224463107969896,90.18291462842383
0.000555,55500,0.80109,0.71136792,0.00147075541939445,0.7128386754193945,88.98359428023839
0.000556,55600,0.80109,0.7161744600000001,0.0014759711501654167,0.7176504311501655,89.58424535943246
0.000557,55700,0.80109,0.7281908100000001,0.0014778585948186265,0.7296686685948187,91.08448096905067
0.0005579999999999999,55800,0.80109,0.7233842699999999,0.0014751063244251698,0.7248593763244251,90.48413740332238
0.000559,55900,0.80109,0.73059408,0.0014836328626559952,0.732077712862656,91.38520177043115
0.0005600000000000001,56000,0.80109,0.70415811,0.001482756201555806,0.7056408662015557,88.08509233688102
0.0005610000000000001,56100,0.80109,0.7209809999999999,0.001486035748932037,0.7224670357489319,90.18550172254116
0.000562,56200,0.80109,0.7233842699999998,0.0014916041596836956,0.7248758741596836,90.48619682677095
0.000563,56300,0.80109,0.7257875399999998,0.0014928174736108526,0.7272803574736106,90.78634828465543
0.0005639999999999999,56400,0.80109,0.7281908099999999,0.0014950803197657657,0.7296858903197656,91.08663075557585
0.0005650000000000001,56500,0.80109,0.7329973500000001,0.0015020842365244234,0.7344994342365245,91.68750505393503
0.000566,56600,0.80109,0.6921417600000002,0.0014992181445514982,0.6936409781445516,86.58714727986005
0.000567,56700,0.80109,0.71617446,0.001502639464441701,0.7176770994644417,89.5875743629622
0.0005679999999999999,56800,0.80109,0.7257875400000001,0.0015071524031629127,0.727294692403163,90.78813771278479
0.000569,56900,0.80109,0.70656138,0.0015066840657665535,0.7080680640657666,88.3880792502535
0.00057,57000,0.80109,0.73059408,0.0015070004091503964,0.7321010804091505,91.38811873939171
0.000571,57100,0.80109,0.7233842699999998,0.0015156788820006879,0.7248999488820005,90.48920207239941
0.0005719999999999999,57200,0.80109,0.720981,0.0015145410976149288,0.7224955410976149,90.18906004293424
0.000573,57300,0.80109,0.7305940799999999,0.0015132332577023704,0.7321073132577023,91.38889678532117
0.000574,57400,0.80109,0.7257875399999998,0.0015255455905792419,0.7273130855905791,90.79043373286332
0.0005750000000000001,57500,0.80109,0.7065613800000001,0.0015231249826206693,0.7080845049826208,88.39013156863304
0.000576,57600,0.80109,0.7161744600000001,0.0015243176343257342,0.7176987776343258,89.59028044711752
0.000577,57700,0.80109,0.7137711900000001,0.0015275806115253817,0.7152987706115255,89.29068776433337
0.000578,57800,0.80109,0.73540062,0.0015331068883336408,0.7369337268883336,91.99137760907482
0.000579,57900,0.80109,0.72578754,0.0015324376510077353,0.7273199776510078,90.7912940682292
0.00058,58000,0.80109,0.70656138,0.0015383049570277558,0.7080996849570278,88.39202648354187
0.000581,58100,0.80109,0.72819081,0.001533420495455416,0.7297242304954554,91.09141675661273
0.0005819999999999999,58200,0.80109,0.7305940799999999,0.0015408779637290013,0.732134957963729,91.39234767174484
0.000583,58300,0.80109,0.7185777299999998,0.0015433938856429517,0.7201211238856428,89.89266173413401
0.0005839999999999999,58400,0.80109,0.7209809999999999,0.0015428686510748182,0.7225238686510747,90.19259616909758
0.000585,58500,0.80109,0.7209810000000001,0.0015479197159872777,0.7225289197159873,90.19322669311086
0.0005859999999999999,58600,0.80109,0.7209810000000001,0.0015471249108534057,0.7225281249108535,90.19312747764866
0.000587,58700,0.80109,0.73059408,0.0015553758167411538,0.7321494558167412,91.39415743756945
0.000588,58800,0.80109,0.720981,0.0015607182860955858,0.7225417182860956,90.19482433765158
0.000589,58900,0.80109,0.7161744600000001,0.0015614452150631093,0.7177359052150631,89.59491508010956
0.00059,59000,0.80109,0.73299735,0.0015630003561804531,0.7345603503561804,91.69510920816019
0.000591,59100,0.80109,0.7089646499999999,0.0015648341739182116,0.710529484173918,88.69533812352869
0.000592,59200,0.80109,0.7233842699999998,0.0015658197899878102,0.7249500897899877,90.4954611579382
0.000593,59300,0.80109,0.7161744599999998,0.0015688121572550338,0.7177432721572549,89.59583469492529
0.0005939999999999999,59400,0.80109,0.70415811,0.0015731247627426047,0.7057312347627426,88.09637303712528
0.000595,59500,0.80109,0.7185777299999999,0.0015752637149345405,0.7201529937149345,89.89664004225047
0.000596,59600,0.80109,0.7209810000000001,0.001580740895511842,0.722561740895512,90.19732375835409
0.000597,59700,0.80109,0.7522235100000002,0.001581295154300354,0.7538048051543006,94.09739294633277
0.000598,59800,0.80109,0.7281908100000001,0.0015846440262662891,0.7297754540262663,91.09781098588444
0.000599,59900,0.80109,0.7089646500000001,0.0015865073379889194,0.710551157337989,88.69804358283145
0.0006000000000000001,60000,0.80109,0.69454503,0.0015884489127963133,0.6961334789127963,86.89828594954689
0.000601,60100,0.80109,0.74741697,0.0015903042585956233,0.7490072742585956,93.49851755211613
0.0006020000000000001,60200,0.80109,0.7137711899999999,0.001597099009826501,0.7153682890098264,89.29936574037563
0.000603,60300,0.80109,0.7113679199999998,0.001596145752907917,0.7129640657529077,88.99924674539164
0.0006040000000000002,60400,0.80109,0.7354006199999998,0.0016006762416773863,0.7370012962416772,91.99981228605988
0.0006050000000000001,60500,0.80109,0.7233842699999998,0.001604660611241997,0.7249889306112418,90.5003096544501
0.0006060000000000001,60600,0.80109,0.72338427,0.0016053316107308678,0.7249896016107309,90.5003934152916
0.000607,60700,0.80109,0.7257875400000001,0.001607672643720843,0.727395212643721,90.80068564628715
0.000608,60800,0.80109,0.7161744600000001,0.0016076514229768555,0.7177821114229769,89.60068299726883
0.0006090000000000001,60900,0.80109,0.71617446,0.0016122555815015179,0.7177867155815014,89.60125773408123
0.0006100000000000001,61000,0.80109,0.7113679199999999,0.0016135196037862325,0.7129814396037861,89.00141552181516
0.000611,61100,0.80109,0.71617446,0.0016170536676837887,0.7177915136676838,89.60185667872958
0.000612,61200,0.80109,0.7594333199999999,0.0016223731278785152,0.7610556931278784,95.00252070652495
0.0006129999999999999,61300,0.80109,0.71617446,0.0016266174712968463,0.7178010774712968,89.60305052755896
0.0006140000000000001,61400,0.80109,0.7281908099999999,0.0016281023790506936,0.7298189123790505,91.10323588847193
0.000615,61500,0.80109,0.6921417599999999,0.0016268142259637489,0.6937685742259637,86.60307508840636
0.000616,61600,0.80109,0.7354006200000001,0.0016323986377391392,0.7370330186377392,92.00377219018904
0.000617,61700,0.80109,0.7137711900000002,0.0016324191330109948,0.7154036091330113,89.30377474848471
0.0006180000000000001,61800,0.80109,0.71136792,0.0016403621174466356,0.7130082821174467,89.00476627064013
0.0006190000000000001,61900,0.80109,0.7137711900000001,0.0016416083364454667,0.7154127983364456,89.30492183606106
0.0006200000000000001,62000,0.80109,0.720981,0.0016404747959819141,0.7226214747959819,90.20478033633793
0.000621,62100,0.80109,0.73780389,0.0016462183742318643,0.7394501083742319,92.30549730670528
0.000622,62200,0.80109,0.7209809999999999,0.0016449611862527696,0.7226259611862527,90.20534037195735
0.000623,62300,0.80109,0.7233842699999998,0.0016500821427083766,0.7250343521427082,90.50597962063989
0.0006240000000000001,62400,0.80109,0.7113679199999998,0.0016495511556677861,0.7130174711556676,89.00591333755364
0.000625,62500,0.80109,0.7378038899999998,0.0016554723080296708,0.7394593623080294,92.30665247447828
0.000626,62600,0.80109,0.6945450300000002,0.0016602063648889624,0.6962052363648892,86.9072434264728
0.000627,62700,0.80109,0.7209810000000001,0.0016632951062905534,0.7226442951062907,90.20762899377007
0.000628,62800,0.80109,0.7137711900000001,0.0016624657967889338,0.7154336557967891,89.3075254711031
0.000629,62900,0.80109,0.7329973500000001,0.001665341569743765,0.7346626915697438,91.70788445369003
0.00063,63000,0.80109,0.7233842699999999,0.001663528151137092,0.7250477981511371,90.50765808477308
0.000631,63100,0.80109,0.7161744600000001,0.001668650954559643,0.7178431109545597,89.6082975638397
0.0006320000000000001,63200,0.80109,0.720981,0.0016757932563881259,0.7226567932563881,90.20918913688185
0.000633,63300,0.80109,0.73780389,0.0016714983694473477,0.7394753883694474,92.30865300644476
0.0006340000000000001,63400,0.80109,0.7329973499999999,0.0016808272263494604,0.7346781772263493,91.70981752692484
0.000635,63500,0.80109,0.7113679199999998,0.0016834129651695047,0.7130513329651693,89.01014030449494
0.0006360000000000001,63600,0.80109,0.72578754,0.0016814237924807859,0.7274689637924808,90.80989199615956
0.000637,63700,0.80109,0.7161744600000002,0.001685722463585948,0.7178601824635862,89.6104285989976
0.000638,63800,0.80109,0.7161744600000002,0.0016884501128823937,0.7178629101128826,89.61076909122558
0.000639,63900,0.80109,0.7065613800000001,0.0016871129040109977,0.7082484929040112,88.41060216760056
0.00064,64000,0.80109,0.73059408,0.001696731033295548,0.7322908110332956,91.41180279775043
0.000641,64100,0.80109,0.71617446,0.0016996330452425062,0.7178740930452424,89.612165055864
0.000642,64200,0.80109,0.7185777299999999,0.0016987185246840775,0.720276448524684,89.91205089617222
0.0006429999999999999,64300,0.80109,0.7378038899999998,0.0017003381679050128,0.7395042281679048,92.31225307615735
0.000644,64400,0.80109,0.6969482999999999,0.0017048388242342923,0.6986531388242342,87.21281489280088
0.000645,64500,0.80109,0.7233842699999998,0.0017057011055103446,0.7250899711055102,90.51292253123742
0.0006460000000000001,64600,0.80109,0.7185777299999998,0.0017108777188979464,0.7202886077188978,89.91356872744107
0.000647,64700,0.80109,0.7281908100000002,0.0017104447668767533,0.729901254766877,91.11351468213662
0.000648,64800,0.80109,0.7209810000000001,0.0017129842649641958,0.7226939842649643,90.2138316874925
0.0006490000000000001,64900,0.80109,0.70896465,0.0017177764275623088,0.7106824264275623,88.71442989266919
0.0006500000000000001,65000,0.80109,0.72338427,0.0017194160157911827,0.7251036860157912,90.51463456237128
0.000651,65100,0.80109,0.72578754,0.001725938526514302,0.7275134785265143,90.81544876687877
0.000652,65200,0.80109,0.7065613799999999,0.001723740597980976,0.7082851205979809,88.41517439966145
0.0006529999999999999,65300,0.80109,0.72819081,0.001726039993405932,0.7299168499934059,91.11546143295854
0.0006540000000000001,65400,0.80109,0.7137711899999998,0.0017302908324321295,0.7155014808324319,89.31599206484226
0.000655,65500,0.80109,0.7257875399999998,0.0017316778752464355,0.7275192178752462,90.81616520929852
0.000656,65600,0.80109,0.7281908099999999,0.0017297736601403159,0.7299205836601401,91.11592750627673
0.0006569999999999999,65700,0.80109,0.7281908099999999,0.001739824688053152,0.729930634688053,91.11718217530075
0.0006580000000000001,65800,0.80109,0.7305940800000001,0.0017408320609734026,0.7323349120609736,91.4173079255612
0.000659,65900,0.80109,0.6897384900000002,0.001747543262520128,0.6914860332625203,86.31814568439475
0.0006600000000000001,66000,0.80109,0.7450137000000001,0.0017444753092262049,0.7467581753092263,93.21776271189773
0.000661,66100,0.80109,0.7402071600000001,0.001749719498506965,0.7419568794985071,92.61841734373883
0.000662,66200,0.80109,0.7137711900000002,0.0017504845998321614,0.7155216745998324,89.31851285116011
0.0006630000000000001,66300,0.80109,0.69935157,0.0017573363951193662,0.7011089063951194,87.51936816032845
0.0006640000000000001,66400,0.80109,0.7305940800000001,0.0017634423819691734,0.7323575223819693,91.42013037009447
0.000665,66500,0.80109,0.72338427,0.001757177728680271,0.7251414477286803,90.51934835398042
0.000666,66600,0.80109,0.7161744600000001,0.001763925868636302,0.7179383858686363,89.620190723713
0.000667,66700,0.80109,0.720981,0.001763377293310737,0.7227443772933108,90.22012224507996
0.0006680000000000001,66800,0.80109,0.72819081,0.0017687835076753327,0.7299595935076753,91.12079710242654
0.000669,66900,0.80109,0.71617446,0.001768598926310577,0.7179430589263105,89.62077406112505
0.00067,67000,0.80109,0.7329973499999999,0.0017711382520026104,0.7347684882520025,91.72109104495497
0.0006709999999999999,67100,0.80109,0.72578754,0.0017720459450845266,0.7275595859450845,90.82120435220428
0.000672,67200,0.80109,0.7305940799999998,0.0017777193169218068,0.7323717993169216,91.42191255873273
0.000673,67300,0.80109,0.6921417599999999,0.0017878431700354886,0.6939296031700354,86.62317631852733
0.000674,67400,0.80109,0.7137711899999999,0.0017800905380846689,0.7155512805380846,89.32220855814211
0.000675,67500,0.80109,0.7233842699999998,0.001790267201352546,0.7251745372013524,90.52347891007263
0.0006760000000000001,67600,0.80109,0.70415811,0.0017876584400817166,0.7059457684400816,88.12315325873686
0.000677,67700,0.80109,0.7522235099999999,0.0017892183746736196,0.7540127283746735,94.12334798519751
0.0006780000000000001,67800,0.80109,0.7426104299999998,0.0017906093351197578,0.7444010393351196,92.92352161874085
0.000679,67900,0.80109,0.7065613800000001,0.0017981296225709888,0.7083595096225711,88.42446037550607
0.00068,68000,0.80109,0.7065613800000001,0.0018049193355523995,0.7083662993355525,88.42530793490043
0.000681,68100,0.80109,0.6945450300000001,0.0018035052860449145,0.696348535286045,86.9251314192205
0.000682,68200,0.80109,0.7354006200000001,0.0018019392342961719,0.7372025592342962,92.02493592901733
0.000683,68300,0.80109,0.71857773,0.00180113967656729,0.7203788696765673,89.92483612041171
0.000684,68400,0.80109,0.73540062,0.0018101112144631728,0.7372107312144631,92.02595603670225
0.000685,68500,0.80109,0.72578754,0.0018172003965344855,0.7276047403965344,90.82684097868476
0.000686,68600,0.80109,0.72819081,0.001817278614041252,0.7300080886140412,91.12685074262731
0.0006869999999999999,68700,0.80109,0.7209810000000001,0.0018195992672829762,0.722800599267283,90.2271404295934
0.000688,68800,0.80109,0.7329973499999999,0.0018175994991231116,0.734814949499123,91.72689079871465
0.000689,68900,0.80109,0.70896465,0.0018199826047283585,0.7107846326047284,88.7271882815698
0.0006900000000000001,69000,0.80109,0.7089646499999999,0.0018242702961031472,0.710788920296103,88.72772351370683
0.000691,69100,0.80109,0.7065613799999999,0.0018272370659472847,0.7083886170659472,88.42809385537464
0.000692,69200,0.80109,0.7233842699999998,0.0018303534294040963,0.7252146234294039,90.52848287072743
0.000693,69300,0.80109,0.7137711899999998,0.0018350268272758151,0.7156062168272755,89.32906625065623
0.0006940000000000001,69400,0.80109,0.74020716,0.0018320273855133773,0.7420391873855133,92.62869183056138
0.000695,69500,0.80109,0.7329973499999999,0.0018369236710475145,0.7348342736710474,91.72930303353776
0.000696,69600,0.80109,0.7161744599999998,0.0018417894532101395,0.71801624945321,89.62991042864478
0.0006969999999999999,69700,0.80109,0.7354006199999998,0.0018433716604300673,0.7372439916604299,92.03010793553307
0.000698,69800,0.80109,0.70415811,0.0018448499037680692,0.706002959903768,88.13029246452038
0.000699,69900,0.80109,0.7257875400000002,0.0018454305167763174,0.7276329705167766,90.83036494234753
0.0007,70000,0.80109,0.7017548400000002,0.0018539530606819987,0.7036087930606822,87.83142881078426
0.0007009999999999999,70100,0.80109,0.73059408,0.0018555361726771452,0.7324496161726772,91.43162643058132
0.0007019999999999999,70200,0.80109,0.7185777300000001,0.001856230682407533,0.7204339606824076,89.93171312613536
0.000703,70300,0.80109,0.7378038900000001,0.0018593710710023419,0.7396632610710024,92.3321051406743
0.0007040000000000001,70400,0.80109,0.71136792,0.0018588192338688178,0.7132267392338688,89.03203625481937
0.000705,70500,0.80109,0.70656138,0.0018707893460651003,0.7084321693460651,88.43353048299495
0.000706,70600,0.80109,0.720981,0.0018712496324606975,0.7228522496324606,90.23358794052496
0.000707,70700,0.80109,0.73059408,0.001870567307496487,0.7324646473074965,91.43350276584026
0.0007080000000000001,70800,0.80109,0.70415811,0.001875451809726223,0.7060335618097262,88.13411249794879
0.000709,70900,0.80109,0.7041581100000001,0.0018760748933088762,0.7060341848933089,88.13419027746248
0.00071,71000,0.80109,0.72578754,0.00187832957989983,0.7276658695798999,90.8344717297745
0.0007109999999999999,71100,0.80109,0.7450136999999999,0.0018760658036030323,0.7468897658036029,93.23418914266335
0.000712,71200,0.80109,0.7233842699999999,0.0018844865406980672,0.725268756540698,90.5352403027443
0.000713,71300,0.80109,0.7354006199999998,0.0018867070435961114,0.7372873270435959,92.03551748780752
0.000714,71400,0.80109,0.71617446,0.00188833690219278,0.7180627969021928,89.63572094301003
0.0007149999999999999,71500,0.80109,0.7113679199999998,0.0018908081944501323,0.7132587281944499,89.0360294341432
0.000716,71600,0.80109,0.7257875399999998,0.0018967647128414207,0.7276843047128412,90.8367729859558
0.0007169999999999999,71700,0.80109,0.7209809999999999,0.0019032559524042255,0.7228842559524041,90.2375832868653
0.0007180000000000001,71800,0.80109,0.7041581099999998,0.0018998386856200944,0.7060579486856199,88.13715670968448
0.000719,71900,0.80109,0.7281908099999999,0.0018997126917410716,0.7300905226917409,91.13714098183704
0.00072,72000,0.80109,0.7305940800000001,0.001900295504742978,0.7324943755047432,91.43721373440992
0.000721,72100,0.80109,0.7137711900000001,0.0019058144527827495,0.7156770044527828,89.33790266416327
0.0007220000000000001,72200,0.80109,0.7257875400000002,0.0019094112128246153,0.7276969512128248,90.83835164752367
0.000723,72300,0.80109,0.7113679200000003,0.001909687093116898,0.7132776070931172,89.03838608564078
0.000724,72400,0.80109,0.7113679199999999,0.0019156210253866719,0.7132835410253866,89.0391268178667
0.000725,72500,0.80109,0.70896465,0.0019205667748368263,0.7108852167748368,88.73974419541729
0.000726,72600,0.80109,0.72338427,0.0019213331504376598,0.7253056031504377,90.53983986193698
0.000727,72700,0.80109,0.74020716,0.0019255119439288602,0.7421326719439288,92.64036150043864
0.000728,72800,0.80109,0.74982024,0.0019249978632766354,0.7517452378632766,93.84029732781094
0.0007289999999999999,72900,0.80109,0.7017548400000001,0.001924820581485155,0.7036796605814852,87.84027519775009
0.00073,73000,0.80109,0.7185777299999999,0.0019284933244921973,0.7205062233244921,89.94073366591323
0.0007309999999999999,73100,0.80109,0.7065613799999999,0.0019399606935189616,0.7085013406935189,88.4421651367298
0.0007320000000000001,73200,0.80109,0.74020716,0.0019394005948934097,0.7421465605948934,92.64209521959076
0.0007330000000000001,73300,0.80109,0.7185777299999999,0.0019341167643799346,0.7205118467643798,89.94143563948356
0.0007340000000000001,73400,0.80109,0.73540062,0.0019410461857697293,0.7373416661857697,92.04230063863136
0.0007350000000000001,73500,0.80109,0.7113679199999998,0.0019441346916299993,0.7133120546916298,89.04268617656805
0.000736,73600,0.80109,0.7185777299999999,0.0019437926449136127,0.7205215226449135,89.9426434788798
0.0007370000000000001,73700,0.80109,0.7233842699999998,0.0019477464573406564,0.7253320164573405,90.54313703295347
0.000738,73800,0.80109,0.7065613799999999,0.001953846022427426,0.7085152260224273,88.44389844114897
0.0007390000000000001,73900,0.80109,0.7233842699999997,0.0019497133820016018,0.7253339833820013,90.54338256402438
0.00074,74000,0.80109,0.7257875400000002,0.0019507376879046876,0.7277382776879049,90.84351042799803
0.000741,74100,0.80109,0.7281908100000002,0.0019624635878835424,0.7301532735878837,91.1449741711955
0.000742,74200,0.80109,0.7257875400000002,0.0019584249584816624,0.7277459649584819,90.84447002937631
0.0007430000000000001,74300,0.80109,0.69935157,0.0019677819838185826,0.7013193519838186,87.54563806616471
0.000744,74400,0.80109,0.7281908100000001,0.001963012374430491,0.7301538223744306,91.14504267609756
0.000745,74500,0.80109,0.7065613800000001,0.001973669663038227,0.7085350496630384,88.44637302465004
0.0007459999999999999,74600,0.80109,0.7281908100000002,0.0019777147881647637,0.730168524788165,91.14687797728955
0.0007470000000000002,74700,0.80109,0.7137711900000001,0.001972964708767404,0.7157441547087675,89.34628502522133
0.0007480000000000001,74800,0.80109,0.73059408,0.0019722461979633826,0.7325663261979635,91.4461953336537
0.0007490000000000001,74900,0.80109,0.7161744600000001,0.001982373521671287,0.7181568335216714,89.64745952659023
0.00075,75000,0.80109,0.7281908100000001,0.0019799886112501783,0.7301707986112502,91.14716181845051
0.000751,75100,0.80109,0.73059408,0.001990354665816912,0.7325844346658169,91.44845581220878
0.0007520000000000001,75200,0.80109,0.70896465,0.001987638470599687,0.7109522884705997,88.7481167497669
0.0007530000000000001,75300,0.80109,0.71617446,0.0019965409792286567,0.7181710009792286,89.64922804907974
0.000754,75400,0.80109,0.72819081,0.001991203993783615,0.7301820139937836,91.14856183377411
0.000755,75500,0.80109,0.72819081,0.001995815198703429,0.7301866251987034,91.14913745006331
0.0007559999999999999,75600,0.80109,0.7185777299999999,0.0020000604727050536,0.720577790472705,89.9496673872869
0.0007570000000000001,75700,0.80109,0.7426104299999998,0.002000280395889866,0.7446107103958897,92.94969484022907
0.000758,75800,0.80109,0.7233842699999998,0.0020049557377908697,0.7253892257377907,90.55027846286019
0.000759,75900,0.80109,0.7209809999999998,0.0020037664125039795,0.7229847664125038,90.25012999944292
0.0007599999999999999,76000,0.80109,0.6993515699999998,0.0020114752462342526,0.701363045246234,87.55109229254555
0.000761,76100,0.80109,0.7113679200000003,0.0020151156723855284,0.7133830356723858,89.05154672666961
0.0007620000000000001,76200,0.80109,0.7233842700000003,0.0020143476862131975,0.7253986176862135,90.55145085890993
0.0007630000000000001,76300,0.80109,0.7402071600000001,0.002020998709535191,0.7422281587095353,92.65228110569626
0.000764,76400,0.80109,0.7209810000000001,0.002018194656871818,0.7229991946568719,90.25193107602765
0.0007650000000000001,76500,0.80109,0.7161744600000002,0.002020956601034309,0.7181954166010345,89.65227584925448
0.000766,76600,0.80109,0.7185777300000001,0.002023527536244133,0.7206012575362443,89.9525967789637
0.0007670000000000001,76700,0.80109,0.7017548400000001,0.0020257589573614704,0.7037805989573616,87.85287532700568
0.000768,76800,0.80109,0.720981,0.0020279353381659876,0.723008935338166,90.25314700444767
0.000769,76900,0.80109,0.73299735,0.0020350731629719893,0.735032423162972,91.75403801856473
0.00077,77000,0.80109,0.74020716,0.002037277795538227,0.7422444377955382,92.65431322270429
0.000771,77100,0.80109,0.7137711899999999,0.0020391463573824174,0.7158103363573823,89.35454647513549
0.000772,77200,0.80109,0.72819081,0.002042657457149328,0.7302334674571493,91.1549847654209
0.000773,77300,0.80109,0.6969482999999999,0.0020418951485084522,0.6989901951485084,87.25488960650874
0.000774,77400,0.80109,0.73540062,0.0020413553419983453,0.7374419753419983,92.05482222240022
0.000775,77500,0.80109,0.7329973499999999,0.0020569367609628015,0.7350542867609626,91.75676724965484
0.000776,77600,0.80109,0.7065613799999999,0.0020481981639372663,0.7086095781639372,88.45567641141623
0.0007770000000000001,77700,0.80109,0.7329973499999999,0.002054093345075572,0.7350514433450754,91.75641230637358
0.000778,77800,0.80109,0.7137711899999998,0.0020588344535540093,0.7158300244535538,89.35700413857126
0.0007790000000000001,77900,0.80109,0.7089646499999999,0.002062374809533221,0.7110270248095331,88.75744608090004
0.00078,78000,0.80109,0.7161744599999998,0.002064783299228759,0.7182392432992286,89.65774673247634
0.000781,78100,0.80109,0.7065613800000001,0.0020674788590970042,0.7086288588590971,88.4580832190336
0.000782,78200,0.80109,0.7354006200000001,0.0020637108382683986,0.7374643308382685,92.05761285729696
0.0007830000000000001,78300,0.80109,0.7426104300000002,0.00206818324202044,0.7446786132420206,92.95817114704104
0.000784,78400,0.80109,0.70896465,0.002067159630344816,0.7110318096303447,88.75804336973874
0.000785,78500,0.80109,0.7041581100000001,0.002072712729758317,0.7062308227297583,88.15873656257594
0.000786,78600,0.80109,0.7137711900000001,0.002077652799864653,0.7158488427998647,89.35935323126857
0.000787,78700,0.80109,0.72338427,0.0020769519595312397,0.7254612219595313,90.55926574529633
0.000788,78800,0.80109,0.7281908100000001,0.002083031664090049,0.7302738416640902,91.16002467441324
0.000789,78900,0.80109,0.720981,0.0020830504964292106,0.7230640504964292,90.26002702521625
0.0007899999999999999,79000,0.80109,0.73059408,0.002088086981507374,0.7326821669815075,91.46065572928181
0.0007910000000000001,79100,0.80109,0.7257875400000001,0.0020899567898085597,0.7278774967898087,90.86088913728986
0.0007920000000000001,79200,0.80109,0.720981,0.0020929444196162274,0.7230739444196163,90.26126208289533
0.0007930000000000001,79300,0.80109,0.7137711899999999,0.002094185560766263,0.7158653755607661,89.36141701443684
0.000794,79400,0.80109,0.720981,0.0020994709651183624,0.7230804709651183,90.26207679096731
0.000795,79500,0.80109,0.7233842699999998,0.0020986211376895735,0.7254828911376894,90.56197070712959
0.000796,79600,0.80109,0.75222351,0.002107998286452049,0.754331508286452,94.16314125587243
0.0007970000000000001,79700,0.80109,0.6921417599999999,0.0021066667776227185,0.6942484267776227,86.66297504362733
0.000798,79800,0.80109,0.7137711899999999,0.0021018365623299887,0.7158730265623299,89.36237208843681
0.000799,79900,0.80109,0.7233842699999999,0.0021100337418991054,0.725494303741899,90.56339534153098
0.0007999999999999999,80000,0.80109,0.7305940799999998,0.0021087697029928514,0.7327028497029927,91.46323755170405
0.0008010000000000001,80100,0.80109,0.7209809999999999,0.0021101787487874724,0.7230911787487874,90.26341344277743
0.000802,80200,0.80109,0.72338427,0.0021167294415356964,0.7255009994415358,90.56423116527728
0.000803,80300,0.80109,0.7137711900000001,0.002122326612954303,0.7158935166129544,89.36492985958394
0.0008039999999999999,80400,0.80109,0.7209810000000001,0.00212725574394869,0.7231082557439488,90.26554516278965
0.000805,80500,0.80109,0.7257875400000001,0.0021245233072350604,0.7279120633072352,90.8652040728296
0.0008060000000000001,80600,0.80109,0.7113679199999999,0.0021313490526337904,0.7134992690526337,89.06605613009656
0.0008070000000000001,80700,0.80109,0.6969483000000001,0.0021344415610379482,0.699082741561038,87.26644216768929
0.000808,80800,0.80109,0.7402071600000001,0.0021336776993778955,0.742340837699378,92.6663468148935
0.000809,80900,0.80109,0.73059408,0.0021366657721221993,0.7327307457721223,91.46671981577441
0.00081,81000,0.80109,0.7281908100000001,0.0021388864564151106,0.7303296964564152,91.16699702361348
0.0008110000000000001,81100,0.80109,0.72819081,0.002138467847956832,0.7303292778479568,91.16694476868162
0.000812,81200,0.80109,0.69454503,0.0021457274414521843,0.6966907574414521,86.96785098327985
0.000813,81300,0.80109,0.73299735,0.0021466668778236807,0.7351440168778237,91.76796825291252
0.0008139999999999999,81400,0.80109,0.71617446,0.002151665354669522,0.7183261253546694,89.66859221253056
0.000815,81500,0.80109,0.7354006199999998,0.002155883055207907,0.7375565030552077,92.06911870760436
0.000816,81600,0.80109,0.6921417599999999,0.0021563217788309937,0.6942980817788309,86.66917347350795
0.000817,81700,0.80109,0.72819081,0.002154987146560505,0.7303457971465604,91.16900687140377
0.0008179999999999999,81800,0.80109,0.7305940799999999,0.0021628939992611763,0.7327569739992611,91.46999388333894
0.000819,81900,0.80109,0.7354006199999998,0.0021608418303899007,0.7375614618303897,92.06973771116976
0.00082,82000,0.80109,0.7209809999999999,0.0021681777165827006,0.7231491777165826,90.2706534491874
0.0008210000000000001,82100,0.80109,0.7089646499999999,0.0021735051859983964,0.7111381551859982,88.77131847680482
0.000822,82200,0.80109,0.69935157,0.0021683760388458238,0.7015199460388458,87.57067820579998
0.0008230000000000001,82300,0.80109,0.7257875400000002,0.002172746174745884,0.7279602861747461,90.87122372953702
0.000824,82400,0.80109,0.7257875400000002,0.0021771597367059043,0.7279646997367062,90.8717746740979
0.000825,82500,0.80109,0.7161744600000002,0.0021816725721454833,0.7183561325721457,89.67233801100414
0.000826,82600,0.80109,0.7257875400000001,0.0021839973546050463,0.7279715373546052,90.8726282134009
0.000827,82700,0.80109,0.7498202400000001,0.002187129367871738,0.7520073693678718,93.87301918238022
0.000828,82800,0.80109,0.68733522,0.0021784041441456022,0.6895136241441456,86.07193001326615
0.000829,82900,0.80109,0.7113679199999999,0.0021930782222069514,0.7135609982222069,89.07376177738077
0.0008299999999999999,83000,0.80109,0.7402071600000001,0.002187746262531689,0.7423949062625318,92.67309618927823
0.000831,83100,0.80109,0.7137711900000001,0.002194778310476226,0.7159659683104763,89.37397399920472
0.000832,83200,0.80109,0.71857773,0.0021969424815725578,0.7207746724815726,89.97424415260377
0.000833,83300,0.80109,0.73780389,0.002201839248253246,0.7400057292482533,92.37485541554925
0.000834,83400,0.80109,0.7113679199999999,0.002201436801782688,0.7135693568017826,89.07480517814473
0.000835,83500,0.80109,0.74020716,0.0022052088646131525,0.7424123688646131,92.67527604436764
0.000836,83600,0.80109,0.6921417599999999,0.0022062812660352295,0.6943480412660352,86.675409912363
0.0008370000000000001,83700,0.80109,0.7113679199999999,0.0022103688869103016,0.7135782888869102,89.07592016961455
0.000838,83800,0.80109,0.7329973499999999,0.0022134461050363494,0.7352107961050363,91.77630429852992
0.000839,83900,0.80109,0.7498202399999998,0.0022151123576380004,0.7520353523576379,93.8765122966614
0.0008399999999999999,84000,0.80109,0.7233842699999998,0.0022159873494092958,0.7256002573494091,90.57662152186019
0.0008410000000000001,84100,0.80109,0.7161744599999998,0.002218276864317846,0.7183927368643177,89.67690732179767
0.000842,84200,0.80109,0.7185777299999999,0.0022230414087826456,0.7208007714087825,89.97750207958634
0.000843,84300,0.80109,0.7185777300000001,0.002228568756596874,0.720806298756597,89.97819205783219
0.0008439999999999999,84400,0.80109,0.7065613800000001,0.0022293629931144222,0.7087907429931145,88.47829120232842
0.000845,84500,0.80109,0.7378038900000002,0.0022330349332500368,0.7400369249332502,92.37874957040032
0.000846,84600,0.80109,0.70896465,0.002226277909511502,0.7111909279095114,88.77790609171731
0.000847,84700,0.80109,0.70656138,0.0022345586624722123,0.7087959386624723,88.47893977732915
0.0008479999999999999,84800,0.80109,0.7281908100000001,0.002240477186707434,0.7304312871867075,91.17967858618795
0.000849,84900,0.80109,0.7281908100000001,0.0022427720247338995,0.730433582024734,91.17996505073631
0.0008500000000000001,85000,0.80109,0.74261043,0.002241392392700695,0.7448518223927008,92.97979283142091
0.0008510000000000001,85100,0.80109,0.70896465,0.0022458859571777663,0.7112105359571778,88.78035376256412
0.000852,85200,0.80109,0.7233842699999999,0.0022449901209736466,0.7256292601209736,90.58024193542713
0.000853,85300,0.80109,0.7041581100000001,0.0022514409608948463,0.7064095509608949,88.1810471933647
0.0008539999999999999,85400,0.80109,0.7017548399999998,0.0022557881130366567,0.7040106281130364,87.88158984799931
0.0008550000000000001,85500,0.80109,0.72819081,0.002257577077514061,0.730448387077514,91.18181316420174
0.000856,85600,0.80109,0.73299735,0.0022616981647770548,0.735259048164777,91.78232759927877
0.000857,85700,0.80109,0.7305940799999999,0.002260376306848089,0.732854456306848,91.48216259184304
0.0008579999999999999,85800,0.80109,0.7065613799999999,0.0022670717077203258,0.7088284517077202,88.48299837810696
0.000859,85900,0.80109,0.7354006199999998,0.002264655308802199,0.737665275308802,92.08269673933701
0.00086,86000,0.80109,0.7209809999999999,0.0022688142842911796,0.723249814284291,90.28321590382076
0.000861,86100,0.80109,0.7281908099999999,0.0022663397784663795,0.7304571497784662,91.18290701150069
0.0008619999999999999,86200,0.80109,0.7426104299999998,0.0022739015181353355,0.7448843315181352,92.98385094287515
0.000863,86300,0.80109,0.7065613800000001,0.002275023696565985,0.7088364036965661,88.4839910242664
0.000864,86400,0.80109,0.7161744600000002,0.0022820887331006655,0.7184565487331008,89.68487295219944
0.0008650000000000001,86500,0.80109,0.7017548400000002,0.002286459766847211,0.7040412997668474,87.88541858806639
0.0008660000000000001,86600,0.80109,0.7450137,0.00228864288058348,0.7473023428805835,93.28569110589014
0.000867,86700,0.80109,0.7257875400000001,0.002288705606108253,0.7280762456061084,90.88569893597341
0.0008680000000000001,86800,0.80109,0.7041581100000001,0.002293259246078167,0.7064513692460782,88.18626736654795
0.000869,86900,0.80109,0.7161744600000001,0.002295297533819678,0.7184697575338197,89.68652180572872
0.0008700000000000001,87000,0.80109,0.7257875400000001,0.0022966793511225744,0.7280842193511227,90.88669429787866
0.000871,87100,0.80109,0.7137711900000001,0.002299336960941197,0.7160705269609413,89.38702604715768
0.000872,87200,0.80109,0.7137711900000001,0.0023031396896343605,0.7160743296896345,89.38750074148291
0.000873,87300,0.80109,0.72819081,0.002304676202236599,0.7304954862022366,91.18769254410391
0.000874,87400,0.80109,0.7305940799999999,0.002306863424578141,0.732900943424578,91.48796557499634
0.000875,87500,0.80109,0.7137711899999999,0.002307359393730003,0.71607854939373,89.38802748672275
0.000876,87600,0.80109,0.72578754,0.002306272434086959,0.728093812434087,90.88789180167693
0.0008770000000000001,87700,0.80109,0.7065613799999999,0.002319797550590053,0.70888117755059,88.48958014089125
0.0008780000000000001,87800,0.80109,0.7329973499999999,0.0023191607293627904,0.7353165107293627,91.78950064652692
0.000879,87900,0.80109,0.7233842699999998,0.0023190152732369585,0.7257032852732368,90.58948248930074
0.0008800000000000001,88000,0.80109,0.7209809999999999,0.0023268009031761675,0.723307800903176,90.29045436874796
0.0008810000000000001,88100,0.80109,0.7233842699999998,0.0023261249689193082,0.7257103949689191,90.59036999203029
0.0008820000000000001,88200,0.80109,0.7378038899999998,0.002325780949202555,0.7401296709492023,92.39032704808449
0.000883,88300,0.80109,0.6921417599999998,0.002324161504275302,0.6944659215042751,86.6901248927401
0.000884,88400,0.80109,0.7137711900000002,0.0023297093223663503,0.7161008993223665,89.39081742663244
0.000885,88500,0.80109,0.7378038900000001,0.0023377967746502,0.7401416867746503,92.39182698257093
0.0008860000000000001,88600,0.80109,0.7281908100000002,0.0023370097333056316,0.7305278197333058,91.19172873618976
0.000887,88700,0.80109,0.7065613800000001,0.002341479723140368,0.7089028597231405,88.49228672475832
0.000888,88800,0.80109,0.7017548400000001,0.002341972380767148,0.7040968123807673,87.89234822317931
0.0008889999999999999,88900,0.80109,0.7281908100000001,0.002349917302869634,0.7305407273028697,91.19333998707617
0.0008900000000000001,89000,0.80109,0.7378038900000001,0.0023454901548088315,0.7401493801548089,92.39278734665821
0.000891,89100,0.80109,0.7041581100000001,0.0023542661130073364,0.7065123761130074,88.19388284869883
0.0008920000000000001,89200,0.80109,0.7233842699999999,0.002353904531701513,0.7257381745317014,90.59383771257545
0.000893,89300,0.80109,0.720981,0.0023563763743813288,0.7233373763743813,90.29414627248809
0.000894,89400,0.80109,0.70415811,0.002360330216967813,0.7065184402169677,88.19463983032728
0.0008950000000000001,89500,0.80109,0.7185777299999999,0.002361493581203426,0.7209392235812033,89.9947850529777
0.0008960000000000001,89600,0.80109,0.7426104299999999,0.0023600171651010932,0.7449704471651011,92.99460075216795
0.000897,89700,0.80109,0.7354006199999998,0.002366981071395578,0.7377676010713954,92.095470055984
0.000898,89800,0.80109,0.7378038899999998,0.0023731032431643776,0.7401769932431642,92.39623428616507
0.000899,89900,0.80109,0.7185777299999999,0.0023666195697256234,0.7209443495697255,89.99542492971275
0.0009000000000000001,90000,0.80109,0.7185777299999999,0.002375822489609681,0.7209535524896096,89.99657372946747
0.000901,90100,0.80109,0.7113679199999998,0.0023837926720770425,0.7137517126720768,89.09756864673037
0.000902,90200,0.80109,0.71617446,0.002377172765829867,0.7185516327658298,89.69674228442757
0.0009029999999999999,90300,0.80109,0.7209809999999998,0.0023757649477760324,0.7233567649477758,90.29656654649435
0.000904,90400,0.80109,0.7185777300000001,0.002380728602626792,0.720958458602627,89.99718615918077
0.000905,90500,0.80109,0.7354006200000003,0.002391210066347552,0.7377918300663479,92.09849455944668
0.0009060000000000001,90600,0.80109,0.7137711900000001,0.0023895032449666315,0.7161606932449668,89.39828149708539
0.000907,90700,0.80109,0.72338427,0.0023897821572698564,0.7257740521572699,90.59831631362194
0.0009080000000000001,90800,0.80109,0.7233842699999999,0.0023964169021962536,0.7257806869021962,90.59914452838676
0.0009090000000000001,90900,0.80109,0.7017548400000001,0.002398596651771482,0.7041534366517715,87.89941662636875
0.0009100000000000001,91000,0.80109,0.7041581100000001,0.002403586748909682,0.7065616967489098,88.20003953967654
0.000911,91100,0.80109,0.73059408,0.002407251326951381,0.7330013313269514,91.50049698874774
0.000912,91200,0.80109,0.7402071600000001,0.0024092582985131496,0.7426164182985132,92.70074751881054
0.000913,91300,0.80109,0.73059408,0.002411230810594564,0.7330053108105946,91.50099374730841
0.0009140000000000001,91400,0.80109,0.7041581100000001,0.0024144594772692995,0.7065725694772693,88.20139678150711
0.000915,91500,0.80109,0.72819081,0.002410575904244095,0.7306013859042441,91.20091199549611
0.000916,91600,0.80109,0.7113679199999999,0.002421350610378929,0.7137892706103789,89.10225700114906
0.000917,91700,0.80109,0.7185777299999999,0.0024175930509211458,0.7209953230509211,90.0017879452782
0.000918,91800,0.80109,0.72578754,0.002419981763258085,0.7282075217632581,90.90208612804112
0.000919,91900,0.80109,0.72578754,0.002429998700774578,0.7282175387007745,90.90333654151117
0.00092,92000,0.80109,0.7257875399999998,0.0024319225952358463,0.7282194625952356,90.90357670117736
0.000921,92100,0.80109,0.72578754,0.002429039325180717,0.7282165793251807,90.90321678274698
0.0009220000000000001,92200,0.80109,0.7233842699999997,0.002436363034919215,0.725820633034919,90.60413100086137
0.000923,92300,0.80109,0.7089646499999999,0.0024273300676290015,0.7113919800676288,88.80300341630453
0.0009240000000000001,92400,0.80109,0.7185777299999998,0.0024384874393745914,0.7210162174393744,90.00439619009451
0.000925,92500,0.80109,0.7329973500000001,0.0024377859304063575,0.7354351359304064,91.80430862091794
0.0009260000000000001,92600,0.80109,0.7378038900000002,0.002443425264228689,0.7402473152642289,92.40501257833536
0.000927,92700,0.80109,0.71136792,0.0024433123463144454,0.7138112323463145,89.10499848281228
0.000928,92800,0.80109,0.7161744600000001,0.002447412477477569,0.7186218724774777,89.70551030193828
0.000929,92900,0.80109,0.7161744600000001,0.0024497064196626946,0.7186241664196628,89.7057966544304
0.00093,93000,0.80109,0.7041581100000001,0.0024537055352342957,0.7066118155352343,88.20629586391475
0.000931,93100,0.80109,0.7209810000000001,0.0024556064668071202,0.7234366064668072,90.30653315686048
0.000932,93200,0.80109,0.7233842699999999,0.0024628943071569958,0.7258471643071569,90.60744289745186
0.0009329999999999999,93300,0.80109,0.7402071600000001,0.002458971827288624,0.7426661318272887,92.70695325459857
0.000934,93400,0.80109,0.7113679199999999,0.0024610978116410146,0.713829017811641,89.10721864107704
0.0009350000000000001,93500,0.80109,0.7137711899999999,0.00246936349149224,0.7162405534914922,89.40825044519201
0.0009360000000000001,93600,0.80109,0.7137711899999998,0.0024679883829148387,0.7162391783829146,89.40807879048464
0.000937,93700,0.80109,0.7354006199999998,0.00246931062616606,0.7378699306261659,92.10824384600329
0.000938,93800,0.80109,0.7233842699999998,0.002475078432665617,0.7258593484326654,90.60896384077887
0.0009390000000000001,93900,0.80109,0.7137711899999998,0.0024756198002249116,0.7162468098002247,89.40903141974005
0.0009400000000000001,94000,0.80109,0.7233842699999999,0.0024810302047667595,0.7258653002047667,90.60970680005144
0.000941,94100,0.80109,0.7113679199999998,0.0024805806957671314,0.713848500695767,89.10965068796993
0.000942,94200,0.80109,0.7185777299999998,0.0024789102674710062,0.7210566402674708,90.0094421684588
0.0009429999999999999,94300,0.80109,0.7185777299999998,0.002486245156759679,0.7210639751567595,90.01035778208934
0.0009440000000000001,94400,0.80109,0.7281908099999999,0.002492858779548711,0.7306836687795486,91.21118336015617
0.000945,94500,0.80109,0.7281908100000002,0.002492937874897384,0.7306837478748975,91.21119323359314
0.000946,94600,0.80109,0.7257875400000002,0.0024924353842152953,0.7282799753842155,90.91113050761209
0.0009469999999999999,94700,0.80109,0.7113679200000003,0.0024937208712213213,0.7138616408712216,89.11129097504434
0.000948,94800,0.80109,0.72338427,0.002500367034402045,0.7258846370344021,90.6121206148731
0.000949,94900,0.80109,0.7378038900000001,0.0025013777613140335,0.7403052677613141,92.41224678393365
0.0009500000000000001,95000,0.80109,0.73299735,0.002504007106619356,0.7355013571066193,91.81257500496773
0.000951,95100,0.80109,0.7065613800000001,0.0025109686111734796,0.7090723486111736,88.51344400882975
0.000952,95200,0.80109,0.7113679199999999,0.0025100708270017046,0.7138779908270017,89.1133319386478
0.000953,95300,0.80109,0.7017548400000002,0.00251827540780852,0.7042731154078087,87.91435611577808
0.0009540000000000001,95400,0.80109,0.71617446,0.002516255178739258,0.7186907151787392,89.71410393071712
0.000955,95500,0.80109,0.74741697,0.002514432871415773,0.7499314028714157,93.61387645220518
0.000956,95600,0.80109,0.7402071600000001,0.002522334725419103,0.7427294947254192,92.71486284013825
0.000957,95700,0.80109,0.6993515699999999,0.00251828417774291,0.7018698541777428,87.61435721041933
0.000958,95800,0.80109,0.7185777299999999,0.0025246811185312182,0.7211024111185311,90.01515574016197
0.000959,95900,0.80109,0.7305940799999998,0.0025289611672958743,0.7331230411672957,91.51569001821159
0.00096,96000,0.80109,0.7113679199999998,0.002530780454006949,0.7138987004540067,89.11591711969163
0.0009609999999999999,96100,0.80109,0.7113679199999999,0.002531938577646184,0.7138998585776462,89.11606168818247
0.000962,96200,0.80109,0.7185777299999999,0.0025360958435320775,0.721113825843532,90.0165806393771
0.0009629999999999999,96300,0.80109,0.7474169699999998,0.0025317096166183506,0.7499486796166182,93.61603310688618
0.0009640000000000001,96400,0.80109,0.6969482999999999,0.0025383163124508314,0.6994866163124507,87.31685782025022
0.000965,96500,0.80109,0.7065613799999999,0.0025467601357247677,0.7091081401357247,88.51791186207141
0.0009660000000000001,96600,0.80109,0.7041581100000002,0.002546171150445096,0.7067042811504453,88.21783833906936
0.000967,96700,0.80109,0.7426104300000002,0.0025512949713067906,0.745161724971307,93.01847794520465
0.000968,96800,0.80109,0.71857773,0.0025451191822171014,0.7211228491822171,90.01770702198169
0.000969,96900,0.80109,0.7041581100000001,0.0025552683946974976,0.7067133783946976,88.21897394729648
0.00097,97000,0.80109,0.7402071600000002,0.0025500410732021343,0.7427572010732023,92.71832142128855
0.000971,97100,0.80109,0.7450137000000001,0.0025629349624897192,0.7475766349624898,93.31993096432552
0.000972,97200,0.80109,0.70656138,0.0025649552778014557,0.7091263352778014,88.5201831600985
0.000973,97300,0.80109,0.720981,0.0025604188889019083,0.7235414188889019,90.3196168831784
0.000974,97400,0.80109,0.73299735,0.002566168390840336,0.7355635183908403,91.82033459296592
0.000975,97500,0.80109,0.7209810000000001,0.0025722697569152938,0.7235532697569154,90.32109622599818
0.000976,97600,0.80109,0.7017548399999999,0.0025702956154770675,0.7043251356154769,87.92084979407598
0.000977,97700,0.80109,0.7305940799999999,0.0025719144542156046,0.7331659944542155,91.5210518735578
0.000978,97800,0.80109,0.7450136999999999,0.002576560866679133,0.747590260866679,93.32163188494772
0.000979,97900,0.80109,0.7137711899999999,0.002582508810626007,0.7163536988106259,89.42237436623948
0.00098,98000,0.80109,0.7305940799999998,0.002583681447913273,0.7331777614479131,91.52252074638592
0.0009809999999999999,98100,0.80109,0.7089646499999999,0.0025873105236261466,0.711551960523626,88.82297376363934
0.0009819999999999998,98200,0.80109,0.7209809999999999,0.0025873466350411164,0.723568346635041,90.32297827155529
0.0009830000000000001,98300,0.80109,0.71617446,0.0025919756655807206,0.7187664356655806,89.72355611305991
0.000984,98400,0.80109,0.7161744599999998,0.002596432316984098,0.718770892316984,89.7241124363767
0.000985,98500,0.80109,0.7137711899999998,0.0025949605231157507,0.7163661505231155,89.4239287125416
0.000986,98600,0.80109,0.7185777300000001,0.00260066835556679,0.721178398355567,90.02464122074646
0.000987,98700,0.80109,0.7305940800000001,0.0026104039641516676,0.7332044839641518,91.5258565159493
0.0009880000000000002,98800,0.80109,0.72338427,0.0026075604472483313,0.7259918304472484,90.62550156012907
0.000989,98900,0.80109,0.72338427,0.0026022808720102177,0.7259865508720103,90.62484251099276
0.00099,99000,0.80109,0.7137711900000001,0.002608153993102124,0.7163793439931022,89.42557565237294
0.0009910000000000001,99100,0.80109,0.7161744600000001,0.0026091913092035697,0.7187836513092036,89.72570514036722
0.000992,99200,0.80109,0.7281908100000001,0.0026107060868034554,0.7308015160868035,91.22589422998824
0.000993,99300,0.80109,0.73540062,0.0026185448179414593,0.7380191648179414,92.12687273803947
0.0009939999999999999,99400,0.80109,0.720981,0.002619262340030083,0.72360026234003,90.32696230640369
0.000995,99500,0.80109,0.6969483,0.00262766445603633,0.6995759644560363,87.32801114182136
0.000996,99600,0.80109,0.73299735,0.002627611594259854,0.7356249615942598,91.82800454313089
0.0009969999999999998,99700,0.80109,0.7185777299999999,0.0026278794852314883,0.7212056094852314,90.02803798386806
0.000998,99800,0.80109,0.7233842699999998,0.0026310304746431797,0.726015300474643,90.62843132169363
0.000999,99900,0.80109,0.72819081,0.0026370559545160874,0.7308278659545161,91.2291834817399
0.001,100000,0.80109,0.7185777299999999,0.00263340462332661,0.7212111346233265,90.02872768640108
